5.0 3.9908194541931152
15.0 3.798699140548706
25.0 3.7653567790985107
35.0 3.6828150749206543
45.0 3.802180290222168
55.0 3.6281375885009766
65.0 3.4514079093933105
75.0 3.3041749000549316
85.0 3.5230188369750977
95.0 3.756654739379883
105.0 3.686720371246338
115.0 3.7154083251953125
125.0 3.682403326034546
135.0 3.8657727241516113
145.0 3.947230339050293
155.0 4.025150299072266
165.0 3.932619333267212
175.0 3.8343536853790283
185.0 3.6531665325164795
195.0 3.7562923431396484
205.0 3.614316940307617
215.0 3.646970272064209
225.0 3.828979969024658
235.0 3.8021092414855957
245.0 3.889596700668335
255.0 4.006717205047607
265.0 4.060009479522705
275.0 4.102692604064941
285.0 4.177417755126953
295.0 4.00016975402832
305.0 3.9677586555480957
315.0 3.7903120517730713
325.0 3.8604423999786377
335.0 3.6952965259552
345.0 3.8383703231811523
355.0 3.8809168338775635
365.0 3.804314374923706
375.0 3.9789364337921143
385.0 3.892040729522705
395.0 3.7375893592834473
405.0 3.6389999389648438
415.0 3.810598611831665
425.0 3.8183600902557373
435.0 3.729668140411377
445.0 3.7594218254089355
455.0 3.691214084625244
465.0 3.750865936279297
475.0 3.782780170440674
485.0 3.94891357421875
495.0 3.83244252204895
505.0 3.714493751525879
515.0 3.7893011569976807
525.0 3.5428683757781982
535.0 3.4961559772491455
545.0 3.572120428085327
555.0 3.3946661949157715
565.0 3.617082118988037
575.0 3.776740789413452
585.0 4.090187072753906
595.0 4.235556602478027
605.0 4.032506942749023
615.0 3.761279582977295
625.0 3.944221019744873
635.0 3.7193102836608887
645.0 3.7563438415527344
655.0 3.755631685256958
665.0 3.5288424491882324
675.0 3.273499011993408
685.0 3.358577251434326
695.0 3.9111390113830566
705.0 4.028902530670166
715.0 4.033204555511475
725.0 4.03762674331665
735.0 4.032549858093262
745.0 3.8028345108032227
755.0 3.881784200668335
765.0 3.8740711212158203
775.0 3.5592002868652344
785.0 3.5612003803253174
795.0 3.7409815788269043
805.0 3.912935495376587
815.0 3.563812732696533
825.0 3.802825927734375
835.0 3.554260730743408
845.0 3.989323377609253
855.0 3.7991018295288086
865.0 3.70564341545105
875.0 3.910048484802246
885.0 4.02250337600708
895.0 3.821760892868042
905.0 3.556668519973755
915.0 3.814518690109253
925.0 4.042900085449219
935.0 3.9719133377075195
945.0 3.736786127090454
955.0 3.6690657138824463
965.0 3.747178316116333
975.0 3.6453022956848145
985.0 3.7699766159057617
995.0 3.8812386989593506
1005.0 3.802600383758545
1015.0 3.5385401248931885
1025.0 3.6256484985351562
1035.0 3.557708978652954
1045.0 3.8461689949035645
1055.0 3.700037956237793
1065.0 3.783202886581421
1075.0 4.096363544464111
1085.0 4.096963405609131
1095.0 4.033471584320068
1105.0 3.902670383453369
1115.0 4.055462837219238
1125.0 4.0071702003479
1135.0 3.7296791076660156
1145.0 3.252591371536255
1155.0 3.341763973236084
1165.0 3.275346279144287
1175.0 3.3414664268493652
1185.0 3.2827212810516357
1195.0 3.441602945327759
1205.0 3.713338613510132
1215.0 3.726982355117798
1225.0 3.64860200881958
1235.0 3.5666706562042236
1245.0 0.95481938123703
1255.0 4.050185680389404
1265.0 4.143028259277344
1275.0 3.9537336826324463
1285.0 3.7856831550598145
1295.0 3.8713512420654297
1305.0 3.7468478679656982
1315.0 3.505105495452881
1325.0 3.9769740104675293
1335.0 3.877291202545166
1345.0 3.7453925609588623
1355.0 3.760552167892456
1365.0 3.774935245513916
1375.0 3.7071757316589355
1385.0 4.0111236572265625
1395.0 3.784900426864624
1405.0 3.4476675987243652
1415.0 3.613464117050171
1425.0 3.609309673309326
1435.0 3.782315254211426
1445.0 3.9082741737365723
1455.0 3.7802929878234863
1465.0 3.914752960205078
1475.0 3.8473315238952637
1485.0 4.0312180519104
1495.0 3.6219687461853027
1505.0 3.9717564582824707
1515.0 3.574706792831421
1525.0 3.50024676322937
1535.0 3.734428644180298
1545.0 3.8036539554595947
1555.0 3.6461868286132812
1565.0 3.5625429153442383
1575.0 3.6025328636169434
1585.0 3.4872891902923584
1595.0 3.5058815479278564
1605.0 3.587204694747925
1615.0 3.60101318359375
1625.0 3.653834104537964
1635.0 3.577998161315918
1645.0 3.576782464981079
1655.0 3.6816606521606445
1665.0 3.6142475605010986
1675.0 3.5420989990234375
1685.0 3.466798782348633
1695.0 3.453097343444824
1705.0 3.3361799716949463
1715.0 3.4298882484436035
1725.0 3.7411820888519287
1735.0 3.7611801624298096
1745.0 3.6417834758758545
1755.0 3.8615307807922363
1765.0 3.8430778980255127
1775.0 3.8094520568847656
1785.0 3.8159067630767822
1795.0 3.834712266921997
1805.0 3.7681260108947754
1815.0 3.7215499877929688
1825.0 3.9123611450195312
1835.0 4.129813194274902
1845.0 4.1810150146484375
1855.0 4.125882148742676
1865.0 3.9598426818847656
1875.0 3.8896920680999756
1885.0 2.474714517593384
1895.0 4.054192543029785
1905.0 4.458792686462402
1915.0 3.9345436096191406
1925.0 4.025934219360352
1935.0 3.763458490371704
1945.0 3.6421704292297363
1955.0 3.8140742778778076
1965.0 3.6837127208709717
1975.0 3.570777654647827
1985.0 3.4478952884674072
1995.0 3.690319538116455
2005.0 3.6223835945129395
2015.0 3.622516632080078
2025.0 3.700396776199341
2035.0 3.6590828895568848
2045.0 3.6301052570343018
2055.0 3.514617681503296
2065.0 0.7619672417640686
2075.0 2.7679548263549805
2085.0 3.8590261936187744
2095.0 3.0333831310272217
2105.0 3.552971839904785
2115.0 3.3119797706604004
2125.0 3.3911681175231934
2135.0 3.3136401176452637
2145.0 3.625034809112549
2155.0 3.4668421745300293
2165.0 3.8691153526306152
2175.0 -1.9505242109298706
2185.0 -0.7650018334388733
2195.0 3.878542900085449
2205.0 -4.279093265533447
2215.0 3.7741222381591797
2225.0 -3.0266313552856445
2235.0 3.888390302658081
2245.0 2.345392942428589
2255.0 3.7676992416381836
2265.0 3.7765274047851562
2275.0 -0.9196408987045288
2285.0 -5.630258560180664
2295.0 4.022007942199707
2305.0 3.7757580280303955
2315.0 3.8533527851104736
2325.0 3.544569730758667
2335.0 3.2722644805908203
2345.0 0.3036608099937439
2355.0 3.98931884765625
2365.0 4.069292068481445
2375.0 4.0544867515563965
2385.0 3.887852191925049
2395.0 2.185508966445923
2405.0 -0.592592716217041
2415.0 -4.537178039550781
2425.0 -4.457431793212891
2435.0 -1.5319032669067383
2445.0 3.9262001514434814
2455.0 -0.053392451256513596
2465.0 4.075417518615723
2475.0 -2.123694896697998
2485.0 -1.7539161443710327
2495.0 4.073347091674805
2505.0 4.090652942657471
2515.0 2.2730636596679688
2525.0 4.066964149475098
2535.0 3.7524664402008057
2545.0 3.7355074882507324
2555.0 3.9387166500091553
2565.0 3.8368074893951416
2575.0 3.363872766494751
2585.0 3.741374969482422
2595.0 3.6047773361206055
2605.0 3.8267788887023926
2615.0 3.87715482711792
2625.0 2.6635525226593018
2635.0 3.626497983932495
2645.0 3.7669429779052734
2655.0 3.8370397090911865
2665.0 3.808803081512451
2675.0 3.711888551712036
2685.0 3.8477420806884766
2695.0 3.944246768951416
2705.0 3.761333465576172
2715.0 3.84014630317688
2725.0 3.887118339538574
2735.0 2.388465404510498
2745.0 3.6644437313079834
2755.0 3.668785572052002
2765.0 -2.1588356494903564
2775.0 3.871861457824707
2785.0 3.880361318588257
2795.0 3.7359979152679443
2805.0 3.6442813873291016
2815.0 3.8027679920196533
2825.0 3.6299824714660645
2835.0 3.59523344039917
2845.0 3.688478946685791
2855.0 3.858391046524048
2865.0 2.1346681118011475
2875.0 3.696427345275879
2885.0 -2.2388885021209717
2895.0 -2.362107753753662
2905.0 -1.4351917505264282
2915.0 -2.5893523693084717
2925.0 -2.5309810638427734
2935.0 -2.3009331226348877
2945.0 0.638379693031311
2955.0 -2.2242937088012695
2965.0 -1.587015986442566
2975.0 2.0133047103881836
2985.0 -1.6133947372436523
2995.0 -1.4740654230117798
3005.0 -1.4424219131469727
3015.0 -1.1255905628204346
3025.0 0.3707193434238434
3035.0 -1.193695068359375
3045.0 3.5909647941589355
3055.0 3.527714252471924
3065.0 2.4001994132995605
3075.0 3.8703789710998535
3085.0 3.7302584648132324
3095.0 3.6722748279571533
3105.0 3.7652392387390137
3115.0 3.7986700534820557
3125.0 2.143146514892578
3135.0 2.197194814682007
3145.0 2.3311922550201416
3155.0 2.295433521270752
3165.0 2.6903538703918457
3175.0 2.737757682800293
3185.0 2.8025319576263428
3195.0 3.0622429847717285
3205.0 2.757915496826172
3215.0 2.703032970428467
3225.0 2.6961405277252197
3235.0 2.855398178100586
3245.0 3.0064423084259033
3255.0 3.1408748626708984
3265.0 3.101024627685547
3275.0 2.961408853530884
3285.0 2.9654653072357178
3295.0 2.934911012649536
3305.0 2.9499003887176514
3315.0 2.965371608734131
3325.0 3.0066170692443848
3335.0 2.948615312576294
