5.0 1.6767590045928955
15.0 1.6646482944488525
25.0 1.6222059726715088
35.0 1.6103891134262085
45.0 1.6914740800857544
55.0 1.6442575454711914
65.0 1.7144873142242432
75.0 1.6362334489822388
85.0 1.578657865524292
95.0 1.6078624725341797
105.0 1.6009998321533203
115.0 1.6093717813491821
125.0 1.7599774599075317
135.0 1.7539751529693604
145.0 1.683837890625
155.0 1.6160056591033936
165.0 1.5891218185424805
175.0 1.5992457866668701
185.0 1.5471681356430054
195.0 1.6562049388885498
205.0 1.7554562091827393
215.0 1.804627537727356
225.0 1.662082552909851
235.0 1.526281476020813
245.0 1.3413569927215576
255.0 1.3520244359970093
265.0 1.5261876583099365
275.0 1.436108112335205
285.0 1.5670099258422852
295.0 1.6341278553009033
305.0 1.8631911277770996
315.0 1.6287598609924316
325.0 1.58384370803833
335.0 1.583186388015747
345.0 1.5617241859436035
355.0 1.6469656229019165
365.0 1.6433414220809937
375.0 1.714232087135315
385.0 1.7473419904708862
395.0 1.7440917491912842
405.0 1.6811641454696655
415.0 1.600712537765503
425.0 1.505091905593872
435.0 1.4468880891799927
445.0 1.5583817958831787
455.0 1.6281388998031616
465.0 1.7255077362060547
475.0 1.644590139389038
485.0 1.5835373401641846
495.0 1.4605252742767334
505.0 1.4399524927139282
515.0 1.5007750988006592
525.0 1.533833384513855
535.0 1.654769778251648
545.0 1.6472454071044922
555.0 1.5632742643356323
565.0 1.5183570384979248
575.0 1.5676648616790771
585.0 1.5397995710372925
595.0 1.580232858657837
605.0 1.719596028327942
615.0 1.751518964767456
625.0 1.6271202564239502
635.0 1.5993784666061401
645.0 1.5802597999572754
655.0 1.5841814279556274
665.0 1.6122993230819702
675.0 1.6889827251434326
685.0 1.718887448310852
695.0 1.6170146465301514
705.0 1.6044995784759521
715.0 1.6245548725128174
725.0 1.5737937688827515
735.0 1.4973429441452026
745.0 1.6258089542388916
755.0 1.6202389001846313
765.0 1.5642743110656738
775.0 1.5037115812301636
785.0 1.5358866453170776
795.0 1.5034762620925903
805.0 1.4288674592971802
815.0 1.5256239175796509
825.0 1.5699520111083984
835.0 1.5110288858413696
845.0 1.4986002445220947
855.0 1.5337508916854858
865.0 1.5457100868225098
875.0 1.6047114133834839
885.0 1.6342029571533203
895.0 1.7231523990631104
905.0 1.620353102684021
915.0 1.602707028388977
925.0 1.6307320594787598
935.0 1.544857382774353
945.0 1.527508020401001
955.0 1.5324029922485352
965.0 1.6297500133514404
975.0 1.6279830932617188
985.0 1.509857177734375
995.0 1.6414824724197388
1005.0 1.6615458726882935
1015.0 1.6818848848342896
1025.0 1.639069676399231
1035.0 1.4882967472076416
1045.0 1.4648041725158691
1055.0 1.4482181072235107
1065.0 1.4161961078643799
1075.0 1.4645910263061523
1085.0 1.5879937410354614
1095.0 1.6110162734985352
1105.0 1.5214245319366455
1115.0 1.4323724508285522
1125.0 1.4015432596206665
1135.0 1.390589714050293
1145.0 1.5839999914169312
1155.0 1.5362989902496338
1165.0 1.5994210243225098
1175.0 1.5633106231689453
1185.0 1.5572291612625122
1195.0 1.5550720691680908
1205.0 1.5855967998504639
1215.0 1.667463779449463
1225.0 1.5431816577911377
1235.0 1.7088332176208496
1245.0 1.602461338043213
1255.0 1.4439290761947632
1265.0 1.4880590438842773
1275.0 1.5271210670471191
1285.0 1.6702682971954346
1295.0 1.6504619121551514
1305.0 1.4825265407562256
1315.0 1.3501404523849487
1325.0 1.3634520769119263
1335.0 1.4910569190979004
1345.0 1.6654880046844482
1355.0 1.723594307899475
1365.0 1.706733226776123
1375.0 1.6409499645233154
1385.0 1.528456687927246
1395.0 1.4666004180908203
1405.0 1.4619752168655396
1415.0 1.5218756198883057
1425.0 1.5366384983062744
1435.0 1.6411137580871582
1445.0 1.651048183441162
1455.0 1.5486328601837158
1465.0 1.5584819316864014
1475.0 1.5186614990234375
1485.0 1.4363535642623901
1495.0 1.5613740682601929
1505.0 1.5307815074920654
1515.0 1.421523094177246
1525.0 1.355027675628662
1535.0 1.322547435760498
1545.0 1.465580940246582
1555.0 1.4907200336456299
1565.0 1.5596039295196533
1575.0 1.443540096282959
1585.0 1.5340919494628906
1595.0 1.3832411766052246
1605.0 1.4425041675567627
1615.0 1.2890241146087646
1625.0 1.4319696426391602
1635.0 1.4851558208465576
1645.0 1.6274242401123047
1655.0 1.6390938758850098
1665.0 1.5807883739471436
1675.0 1.4409618377685547
1685.0 1.3785520792007446
1695.0 1.4199299812316895
1705.0 1.5476323366165161
1715.0 1.4764783382415771
1725.0 1.4671109914779663
1735.0 1.444379210472107
1745.0 1.5868589878082275
1755.0 1.5640166997909546
1765.0 1.5485671758651733
1775.0 1.6237382888793945
1785.0 1.6249475479125977
1795.0 1.606073260307312
1805.0 1.5198577642440796
1815.0 1.434685468673706
1825.0 1.4232136011123657
1835.0 1.5189388990402222
1845.0 1.6116653680801392
1855.0 1.4060332775115967
1865.0 1.3001683950424194
1875.0 1.3692272901535034
1885.0 1.4437583684921265
1895.0 1.740833044052124
1905.0 1.6493555307388306
1915.0 1.6200966835021973
1925.0 1.5709056854248047
1935.0 1.472235918045044
1945.0 1.4483428001403809
1955.0 1.587050437927246
1965.0 1.5368640422821045
1975.0 1.5907528400421143
1985.0 1.560486078262329
1995.0 1.6604608297348022
2005.0 1.616304874420166
2015.0 1.628119707107544
2025.0 1.5925246477127075
2035.0 1.485418677330017
2045.0 1.568549633026123
2055.0 1.717464804649353
2065.0 1.8145058155059814
2075.0 1.6682488918304443
2085.0 1.6176525354385376
2095.0 1.6902854442596436
2105.0 1.4201490879058838
2115.0 1.4044452905654907
2125.0 1.4248870611190796
2135.0 1.3798611164093018
2145.0 1.4724414348602295
2155.0 1.546082615852356
2165.0 1.6242401599884033
2175.0 1.5082037448883057
2185.0 1.5357191562652588
2195.0 1.609015941619873
2205.0 1.5042991638183594
2215.0 1.4225186109542847
2225.0 1.4147350788116455
2235.0 1.355770230293274
2245.0 1.3347389698028564
2255.0 1.3783988952636719
2265.0 1.5028812885284424
2275.0 1.7180864810943604
2285.0 1.6975445747375488
2295.0 1.6345696449279785
2305.0 1.4770228862762451
2315.0 1.323399305343628
2325.0 1.327601432800293
2335.0 1.3590205907821655
2345.0 1.3403260707855225
2355.0 1.5068349838256836
2365.0 1.4623972177505493
2375.0 1.5033934116363525
2385.0 1.5375144481658936
2395.0 1.5439738035202026
2405.0 1.4928703308105469
2415.0 1.4421862363815308
2425.0 1.3951457738876343
2435.0 1.4235562086105347
2445.0 1.6244592666625977
2455.0 1.629925012588501
2465.0 1.6202998161315918
2475.0 1.4803011417388916
2485.0 1.4665052890777588
2495.0 1.527686357498169
2505.0 1.4495091438293457
2515.0 1.5576380491256714
2525.0 1.5555784702301025
2535.0 1.4434723854064941
2545.0 1.4766908884048462
2555.0 1.5433094501495361
2565.0 1.563772439956665
2575.0 1.4882586002349854
2585.0 1.4496833086013794
2595.0 1.5123957395553589
2605.0 1.5902154445648193
2615.0 1.5961626768112183
2625.0 1.4226982593536377
2635.0 1.4051039218902588
2645.0 1.395789384841919
2655.0 1.3408371210098267
2665.0 1.203507423400879
2675.0 1.24344801902771
2685.0 1.2029290199279785
2695.0 1.2672278881072998
2705.0 1.4155590534210205
2715.0 1.347421646118164
2725.0 1.281083345413208
2735.0 1.3487610816955566
2745.0 1.33535635471344
2755.0 1.4275546073913574
2765.0 1.4666591882705688
2775.0 1.5467913150787354
2785.0 1.5633286237716675
2795.0 1.5035901069641113
2805.0 1.3975213766098022
2815.0 1.2543081045150757
2825.0 1.3217378854751587
2835.0 1.4633609056472778
2845.0 1.3858370780944824
2855.0 1.3799002170562744
2865.0 1.562180757522583
2875.0 1.5840187072753906
2885.0 1.5606424808502197
2895.0 1.5377763509750366
2905.0 1.597043752670288
2915.0 1.4827473163604736
2925.0 1.4636006355285645
2935.0 1.4805618524551392
2945.0 1.4440282583236694
2955.0 1.3303680419921875
2965.0 1.3028689622879028
2975.0 1.2893667221069336
2985.0 1.3929715156555176
2995.0 1.390735387802124
3005.0 1.4848246574401855
3015.0 1.4590290784835815
3025.0 1.4320244789123535
3035.0 1.222877025604248
3045.0 1.227798342704773
3055.0 1.491225004196167
3065.0 1.5904232263565063
3075.0 1.5083975791931152
3085.0 1.497255802154541
3095.0 1.4771404266357422
3105.0 1.4550085067749023
3115.0 1.3256230354309082
3125.0 1.2577037811279297
3135.0 1.3653748035430908
3145.0 1.4334242343902588
3155.0 1.2835264205932617
3165.0 1.3326632976531982
3175.0 1.298771619796753
3185.0 1.3208301067352295
3195.0 1.3326632976531982
3205.0 1.3696659803390503
3215.0 1.3600006103515625
3225.0 1.5440152883529663
3235.0 1.577514886856079
3245.0 1.416274070739746
3255.0 1.3843276500701904
3265.0 1.3550937175750732
3275.0 1.3638359308242798
3285.0 1.4169775247573853
3295.0 1.5243884325027466
3305.0 1.4243097305297852
3315.0 1.363861322402954
3325.0 1.3233692646026611
3335.0 1.3126407861709595
3345.0 1.1856940984725952
