-15.736017608642577
-15.536017608642577
-15.436017608642576
-15.136017608642575
-15.036017608642577
-14.936017608642576
-14.836017608642578
-14.736017608642577
-14.636017608642575
-14.536017608642577
-14.236017608642577
-8.636017608642575
-7.636017608642575
-7.536017608642574
-7.236017608642577
-7.036017608642574
-6.736017608642577
-6.636017608642575
-6.536017608642574
-6.436017608642572
-6.036017608642574
-4.736017608642577
-4.636017608642575
-4.536017608642574
-2.7360176086425767
-2.6360176086425753
-2.536017608642574
-2.4360176086425724
-2.336017608642578
-2.2360176086425767
-2.1360176086425753
-2.036017608642574
-1.9360176086425724
-1.8360176086425781
-1.7360176086425767
-1.6360176086425753
-1.5360176086425739
-1.4360176086425724
-1.3360176086425781
0.2639823913574233
0.8639823913574247
0.9639823913574261
1.6639823913574219
1.7639823913574233
1.8639823913574247
1.9639823913574261
2.0639823913574276
2.163982391357422
2.2639823913574233
2.3639823913574247
2.463982391357426
2.5639823913574276
2.663982391357422
2.7639823913574233
2.8639823913574247
2.963982391357426
3.0639823913574276
3.163982391357422
3.2639823913574233
3.3639823913574247
3.463982391357426
3.5639823913574276
3.663982391357422
3.7639823913574233
3.8639823913574247
3.963982391357426
4.063982391357428
4.163982391357422
4.263982391357423
4.363982391357425
4.463982391357426
4.563982391357428
