5.0 35767
15.0 2.6857590675354004
25.0 2.7023441791534424
35.0 35767
45.0 2.587278366088867
55.0 2.6446850299835205
65.0 35767
75.0 35767
85.0 35767
95.0 35767
105.0 2.59322452545166
115.0 2.626110076904297
125.0 35767
135.0 35767
145.0 2.4448330402374268
155.0 2.714304208755493
165.0 35767
175.0 35767
185.0 35767
195.0 2.6953039169311523
205.0 35767
215.0 2.6750364303588867
225.0 2.766322374343872
235.0 35767
245.0 2.7371673583984375
255.0 35767
265.0 35767
275.0 35767
285.0 2.6087534427642822
295.0 2.5532498359680176
305.0 2.627152681350708
315.0 35767
325.0 2.6412768363952637
335.0 2.511547327041626
345.0 35767
355.0 35767
365.0 2.583320140838623
375.0 35767
385.0 2.3871171474456787
395.0 2.660027027130127
405.0 2.6485648155212402
415.0 2.602926254272461
425.0 2.470217704772949
435.0 2.7213780879974365
445.0 35767
455.0 35767
465.0 2.6837332248687744
475.0 35767
485.0 2.500619888305664
495.0 35767
505.0 35767
515.0 2.7079503536224365
525.0 2.72784423828125
535.0 35767
545.0 2.8004262447357178
555.0 35767
565.0 2.373100757598877
575.0 35767
585.0 2.548642635345459
595.0 2.70351505279541
605.0 35767
615.0 35767
625.0 2.5699517726898193
635.0 35767
645.0 2.3905110359191895
655.0 2.169133424758911
665.0 2.6758551597595215
675.0 35767
685.0 35767
695.0 2.808945655822754
705.0 2.6145756244659424
715.0 2.5766384601593018
725.0 2.2646074295043945
735.0 35767
745.0 2.6513071060180664
755.0 35767
765.0 35767
775.0 2.535984992980957
785.0 2.602429151535034
795.0 35767
805.0 2.5223121643066406
815.0 2.5752010345458984
825.0 35767
835.0 2.7541685104370117
845.0 2.5478720664978027
855.0 2.7230398654937744
865.0 2.7049381732940674
875.0 35767
885.0 35767
895.0 2.604282855987549
905.0 2.583982229232788
915.0 35767
925.0 2.5950076580047607
935.0 2.3922669887542725
945.0 2.4416911602020264
955.0 2.6176483631134033
965.0 2.6861653327941895
975.0 35767
985.0 2.466269016265869
995.0 35767
1005.0 2.5527243614196777
1015.0 35767
1025.0 2.485743999481201
1035.0 35767
1045.0 2.6778833866119385
1055.0 2.4319000244140625
1065.0 2.720721960067749
1075.0 2.7903499603271484
1085.0 2.542597532272339
1095.0 35767
1105.0 2.5340471267700195
1115.0 2.8804068565368652
1125.0 2.293645143508911
1135.0 2.4417340755462646
1145.0 35767
1155.0 2.428866386413574
1165.0 2.7725954055786133
1175.0 2.673506259918213
1185.0 35767
1195.0 35767
1205.0 35767
1215.0 2.4472410678863525
1225.0 2.4115171432495117
1235.0 35767
1245.0 2.712843418121338
1255.0 2.663132667541504
1265.0 2.5059280395507812
1275.0 35767
1285.0 35767
1295.0 2.580085039138794
1305.0 2.922459602355957
1315.0 2.5981216430664062
1325.0 2.672297716140747
1335.0 2.8197290897369385
1345.0 35767
1355.0 2.66683030128479
1365.0 35767
1375.0 35767
1385.0 2.695063591003418
1395.0 2.780963659286499
1405.0 35767
1415.0 2.8466758728027344
1425.0 2.6626787185668945
1435.0 35767
1445.0 3.2724854946136475
1455.0 35767
1465.0 2.6104049682617188
1475.0 2.60414719581604
1485.0 35767
1495.0 2.701291799545288
1505.0 2.6568291187286377
1515.0 35767
1525.0 35767
1535.0 2.7526094913482666
1545.0 35767
1555.0 35767
1565.0 2.668443202972412
1575.0 2.473151683807373
1585.0 14.68627643585205
1595.0 35767
1605.0 35767
1615.0 2.762246608734131
1625.0 35767
1635.0 35767
1645.0 2.589885711669922
1655.0 2.601208448410034
1665.0 35767
1675.0 35767
1685.0 2.6559557914733887
1695.0 35767
1705.0 35767
1715.0 2.5802836418151855
1725.0 35767
1735.0 2.6674766540527344
1745.0 2.576977252960205
1755.0 2.6754813194274902
1765.0 2.972480058670044
1775.0 2.60909366607666
1785.0 35767
1795.0 35767
1805.0 35767
1815.0 2.699591636657715
1825.0 35767
1835.0 2.9435970783233643
1845.0 2.7906267642974854
1855.0 35767
1865.0 35767
1875.0 2.6676135063171387
1885.0 35767
1895.0 2.805421829223633
1905.0 35767
1915.0 2.6142497062683105
1925.0 35767
1935.0 35767
1945.0 35767
1955.0 2.57035231590271
1965.0 35767
1975.0 35767
1985.0 35767
1995.0 35767
2005.0 2.3825876712799072
2015.0 35767
2025.0 2.5135421752929688
2035.0 2.8798940181732178
2045.0 35767
2055.0 2.5394954681396484
2065.0 2.4736075401306152
2075.0 2.319681167602539
2085.0 2.4959073066711426
2095.0 35767
2105.0 35767
2115.0 35767
2125.0 35767
2135.0 35767
2145.0 35767
2155.0 2.553250789642334
2165.0 35767
2175.0 2.6464645862579346
2185.0 35767
2195.0 35767
2205.0 2.6478869915008545
2215.0 35767
2225.0 35767