5.0 3.5270612239837646
15.0 3.569443464279175
25.0 3.646243095397949
35.0 3.437150478363037
45.0 3.638918876647949
55.0 3.6764473915100098
65.0 35767
75.0 3.530702590942383
85.0 3.596834421157837
95.0 3.548781394958496
105.0 3.59840726852417
115.0 3.4670040607452393
125.0 3.4326024055480957
135.0 3.299501419067383
145.0 3.333916664123535
155.0 3.4051952362060547
165.0 3.1344587802886963
175.0 3.1775195598602295
185.0 3.254746675491333
195.0 3.3180809020996094
205.0 3.427896499633789
215.0 3.4011757373809814
225.0 3.512789726257324
235.0 3.5504016876220703
245.0 35767
255.0 3.387864828109741
265.0 3.4950878620147705
275.0 3.482408046722412
285.0 3.4331369400024414
295.0 3.479973793029785
305.0 3.5843570232391357
315.0 3.5572524070739746
325.0 3.3916015625
335.0 3.522824764251709
345.0 3.6783595085144043
355.0 3.5200581550598145
365.0 3.3021299839019775
375.0 3.3071017265319824
385.0 3.5933802127838135
395.0 3.60892915725708
405.0 35767
415.0 3.2663307189941406
425.0 3.4350228309631348
435.0 3.330564260482788
445.0 3.2555317878723145
455.0 3.2942733764648438
465.0 3.2112619876861572
475.0 3.284428834915161
485.0 3.424802303314209
495.0 3.50860857963562
505.0 35767
515.0 3.589830160140991
525.0 3.3922410011291504
535.0 3.249568223953247
545.0 35767
555.0 3.77353835105896
565.0 3.5852086544036865
575.0 3.7081713676452637
585.0 3.6113619804382324
595.0 3.7851152420043945
605.0 3.543992519378662
615.0 3.313816785812378
625.0 3.2251133918762207
635.0 3.34625244140625
645.0 3.3516039848327637
655.0 3.5324547290802
665.0 3.5923120975494385
675.0 3.5478439331054688
685.0 3.4521403312683105
695.0 3.3300323486328125
705.0 3.3149733543395996
715.0 3.2143399715423584
725.0 3.1818649768829346
735.0 3.412160873413086
745.0 3.5250673294067383
755.0 35767
765.0 3.488835334777832
775.0 3.574753761291504
785.0 3.6824660301208496
795.0 3.543704032897949
805.0 3.6384992599487305
815.0 3.7328555583953857
825.0 3.810532331466675
835.0 3.6233537197113037
845.0 3.5503854751586914
855.0 3.389214038848877
865.0 3.4245622158050537
875.0 3.378239631652832
885.0 3.3193914890289307
895.0 3.4798433780670166
905.0 3.4544029235839844
915.0 3.4016995429992676
925.0 3.488428831100464
935.0 35767
945.0 3.545499563217163
955.0 3.456803798675537
965.0 3.413301944732666
975.0 3.2811732292175293
985.0 3.352449417114258
995.0 3.418391227722168
1005.0 3.264651298522949
1015.0 3.252795457839966
1025.0 3.442317247390747
1035.0 35767
1045.0 3.5289087295532227
1055.0 3.547342300415039
1065.0 3.637298107147217
1075.0 3.2218456268310547
1085.0 3.1880013942718506
1095.0 3.2671635150909424
1105.0 3.32094144821167
1115.0 3.483492136001587
1125.0 3.3701701164245605
1135.0 3.4553802013397217
1145.0 3.2933871746063232
1155.0 3.330739974975586
1165.0 3.1603758335113525
1175.0 3.077913999557495
1185.0 3.5691821575164795
1195.0 3.6392667293548584
1205.0 3.7634854316711426
1215.0 3.632960796356201
1225.0 35767
1235.0 35767
1245.0 3.2686352729797363
1255.0 3.466693162918091
1265.0 3.404120922088623
1275.0 3.3380026817321777
1285.0 3.468569278717041
1295.0 3.3766932487487793
1305.0 3.6381654739379883
1315.0 3.7242605686187744
1325.0 35767
1335.0 3.1868786811828613
1345.0 3.164642095565796
1355.0 3.1661605834960938
1365.0 35767
1375.0 3.61544132232666
1385.0 3.651425838470459
1395.0 3.476834297180176
1405.0 3.6131718158721924
1415.0 3.515026807785034
1425.0 3.2370288372039795
1435.0 3.4370176792144775
1445.0 3.4000132083892822
1455.0 35767
1465.0 3.681654691696167
1475.0 3.5682458877563477
1485.0 3.5498456954956055
1495.0 3.545121192932129
1505.0 3.5406479835510254
1515.0 3.4221465587615967
1525.0 3.6531031131744385
1535.0 3.5180466175079346
1545.0 3.3704471588134766
1555.0 3.273864507675171
1565.0 3.441795587539673
1575.0 3.440495491027832
1585.0 3.5486907958984375
1595.0 35767
1605.0 3.324434280395508
1615.0 3.3663926124572754
1625.0 3.237027645111084
1635.0 3.537236452102661
1645.0 3.6394777297973633
1655.0 3.5613489151000977
1665.0 3.536494731903076
1675.0 3.2823667526245117
1685.0 3.3833327293395996
1695.0 3.3816280364990234
1705.0 3.533632755279541
1715.0 3.516883611679077
1725.0 3.530499219894409
1735.0 3.474437952041626
1745.0 3.5041418075561523
1755.0 3.5835988521575928
1765.0 3.5149292945861816
1775.0 3.34675669670105
1785.0 3.5400798320770264
1795.0 3.5048041343688965
1805.0 35767
1815.0 3.517634868621826
1825.0 3.6320114135742188
1835.0 3.3577232360839844
1845.0 3.257153034210205
1855.0 3.3546037673950195
1865.0 3.3224916458129883
1875.0 35767
1885.0 3.2497639656066895
1895.0 3.4208884239196777
1905.0 3.5067803859710693
1915.0 3.457808256149292
1925.0 3.522531032562256
1935.0 3.3049468994140625
1945.0 3.3589718341827393
1955.0 35767
1965.0 3.4218132495880127
1975.0 3.4956634044647217
1985.0 3.5830862522125244
1995.0 3.7137670516967773
2005.0 3.6989963054656982
2015.0 3.6655144691467285
2025.0 3.559468984603882
2035.0 3.636624336242676
2045.0 3.6968724727630615
2055.0 3.5729188919067383
2065.0 3.485426664352417
2075.0 3.4853761196136475
2085.0 3.476314067840576
2095.0 3.334794521331787
2105.0 3.117870807647705
2115.0 3.4961299896240234
2125.0 3.6272661685943604
2135.0 3.5091323852539062
2145.0 3.418222665786743
2155.0 3.3081982135772705
2165.0 3.4245026111602783
2175.0 3.601081132888794
2185.0 3.29901123046875
2195.0 3.3187813758850098
2205.0 3.4006996154785156
2215.0 3.330136775970459
2225.0 3.437931776046753
2235.0 3.4036831855773926
2245.0 3.3907413482666016
2255.0 3.34482479095459
2265.0 3.230518341064453
2275.0 3.2543439865112305
2285.0 3.4659273624420166
2295.0 3.373819589614868
2305.0 35767
2315.0 3.4890456199645996
2325.0 3.383340358734131
2335.0 3.4378323554992676
2345.0 3.2627968788146973
2355.0 3.3290646076202393
2365.0 3.4466938972473145
2375.0 3.5462758541107178
2385.0 3.639741897583008
2395.0 3.4245359897613525
2405.0 3.5124101638793945
2415.0 3.4104907512664795
2425.0 3.6275887489318848
2435.0 3.522756338119507
2445.0 3.396792411804199
2455.0 3.277273178100586
2465.0 3.016737937927246
2475.0 3.33697509765625
2485.0 3.4699583053588867
2495.0 3.47611403465271
2505.0 3.3794288635253906
2515.0 3.325166940689087
2525.0 3.3842179775238037
2535.0 3.697319269180298
2545.0 3.5242180824279785
2555.0 3.476630926132202
2565.0 3.411072254180908
2575.0 35767
2585.0 2.9125428199768066
2595.0 3.3052096366882324
2605.0 3.36608624458313
2615.0 3.451486587524414
2625.0 3.6271800994873047
2635.0 3.565426826477051
2645.0 3.5161120891571045
2655.0 3.2926228046417236
2665.0 3.34470272064209
2675.0 3.2641210556030273
2685.0 3.417377471923828
2695.0 3.4418740272521973
2705.0 3.394752025604248
2715.0 3.350038528442383
2725.0 3.2582221031188965
2735.0 3.2712152004241943
2745.0 3.5516059398651123
2755.0 3.597090721130371
2765.0 3.4748964309692383
2775.0 35767
2785.0 2.9365744590759277
2795.0 3.0993852615356445
2805.0 3.4321165084838867
2815.0 3.5448403358459473
2825.0 3.5792253017425537
2835.0 35767
2845.0 3.6136207580566406
2855.0 3.5170273780822754
2865.0 3.714643716812134
2875.0 35767
2885.0 3.6324820518493652
2895.0 3.596008062362671
2905.0 3.4283697605133057
2915.0 3.309208393096924
2925.0 3.4898219108581543
2935.0 3.681565999984741
2945.0 3.5830581188201904
2955.0 3.5163309574127197
2965.0 3.4461493492126465
2975.0 3.407135248184204
2985.0 3.2841415405273438
2995.0 3.385901927947998
3005.0 3.276639461517334
3015.0 3.5065150260925293
3025.0 3.448096752166748
3035.0 3.5191612243652344
3045.0 3.4619052410125732
3055.0 3.4140186309814453
3065.0 3.250591278076172
3075.0 3.396717071533203
3085.0 3.2843315601348877
3095.0 3.401158332824707
3105.0 3.489765167236328
3115.0 3.5180060863494873
3125.0 3.703800678253174
3135.0 3.454676628112793
3145.0 3.5285565853118896
3155.0 3.393280267715454
3165.0 3.4335925579071045
3175.0 3.40830135345459
3185.0 3.4185547828674316
3195.0 3.4793307781219482
3205.0 3.4100942611694336
3215.0 3.43827486038208
3225.0 3.423333168029785
3235.0 3.3642799854278564
3245.0 3.516355514526367
3255.0 3.494845390319824
3265.0 3.6398086547851562
3275.0 3.5664868354797363
3285.0 3.3625402450561523
3295.0 3.2808775901794434
3305.0 3.1909451484680176
3315.0 3.4576849937438965
3325.0 3.5223686695098877
3335.0 3.5229456424713135
