5.0 1.4846844673156738
15.0 1.6518973112106323
25.0 1.6294888257980347
35.0 1.6757376194000244
45.0 1.6559680700302124
55.0 1.6406500339508057
65.0 1.6945749521255493
75.0 1.618372917175293
85.0 1.5866116285324097
95.0 1.6243582963943481
105.0 1.6009998321533203
115.0 1.5971426963806152
125.0 1.7701945304870605
135.0 35767
145.0 1.7129913568496704
155.0 1.6594510078430176
165.0 1.5867033004760742
175.0 1.588956356048584
185.0 1.6680998802185059
195.0 1.6219813823699951
205.0 1.5334246158599854
215.0 1.8178848028182983
225.0 1.614996075630188
235.0 1.5308327674865723
245.0 1.3315975666046143
255.0 1.375173568725586
265.0 1.371642827987671
275.0 1.3423449993133545
285.0 1.6730787754058838
295.0 1.6280279159545898
305.0 1.8737473487854004
315.0 35767
325.0 1.5869425535202026
335.0 1.605051875114441
345.0 1.5528523921966553
355.0 1.6342244148254395
365.0 1.6770806312561035
375.0 1.7059992551803589
385.0 1.644477367401123
395.0 1.7130502462387085
405.0 1.7149711847305298
415.0 1.7004399299621582
425.0 1.5104353427886963
435.0 1.396122932434082
445.0 1.5579630136489868
455.0 1.7439996004104614
465.0 1.7255077362060547
475.0 1.7290948629379272
485.0 1.5835373401641846
495.0 1.4415414333343506
505.0 1.3472254276275635
515.0 1.5007750988006592
525.0 1.6331238746643066
535.0 1.600619912147522
545.0 1.6557015180587769
555.0 1.5850059986114502
565.0 1.5291565656661987
575.0 1.5676648616790771
585.0 1.507209300994873
595.0 1.580232858657837
605.0 1.7098331451416016
615.0 1.7971372604370117
625.0 1.6271202564239502
635.0 1.633770227432251
645.0 1.5920809507369995
655.0 1.5693762302398682
665.0 1.588698387145996
675.0 1.6594709157943726
685.0 1.718887448310852
695.0 1.6278841495513916
705.0 1.6044995784759521
715.0 1.5812300443649292
725.0 1.5737937688827515
735.0 1.4973429441452026
745.0 1.615842342376709
755.0 1.6363439559936523
765.0 1.5405704975128174
775.0 1.5187482833862305
785.0 1.5325794219970703
795.0 1.4689905643463135
805.0 1.4304375648498535
815.0 1.4903855323791504
825.0 1.5645684003829956
835.0 1.6248201131820679
845.0 1.5051624774932861
855.0 1.5337508916854858
865.0 1.4667021036148071
875.0 35767
885.0 1.6210862398147583
895.0 1.782707929611206
905.0 1.5527129173278809
915.0 1.5943368673324585
925.0 1.5748707056045532
935.0 1.5289393663406372
945.0 1.5184516906738281
955.0 1.5346031188964844
965.0 1.6898024082183838
975.0 1.6279830932617188
985.0 35767
995.0 1.700530767440796
1005.0 1.6883749961853027
1015.0 1.6818848848342896
1025.0 35767
1035.0 1.514343023300171
1045.0 1.464171290397644
1055.0 1.438485026359558
1065.0 1.4872238636016846
1075.0 1.4425692558288574
1085.0 1.5896718502044678
1095.0 1.6940362453460693
1105.0 1.503722906112671
1115.0 1.4349054098129272
1125.0 35767
1135.0 1.4056053161621094
1145.0 1.54380202293396
1155.0 1.509016990661621
1165.0 1.6503031253814697
1175.0 1.5638611316680908
1185.0 1.5572291612625122
1195.0 1.5550720691680908
1205.0 1.5637998580932617
1215.0 1.6874996423721313
1225.0 1.5817327499389648
1235.0 1.6366580724716187
1245.0 1.602461338043213
1255.0 1.4315588474273682
1265.0 1.4768964052200317
1275.0 35767
1285.0 1.6702682971954346
1295.0 1.607982873916626
1305.0 1.5626883506774902
1315.0 35767
1325.0 1.3634520769119263
1335.0 1.474632740020752
1345.0 1.670884370803833
1355.0 1.7330002784729004
1365.0 1.6620134115219116
1375.0 1.6893539428710938
1385.0 1.528456687927246
1395.0 1.4415253400802612
1405.0 1.4621477127075195
1415.0 1.5403828620910645
1425.0 1.505826711654663
1435.0 1.63777756690979
1445.0 1.7268145084381104
1455.0 1.4824107885360718
1465.0 1.5947321653366089
1475.0 1.4224005937576294
1485.0 1.4111474752426147
1495.0 1.5747071504592896
1505.0 1.5453909635543823
1515.0 1.3941130638122559
1525.0 1.3656730651855469
1535.0 1.3298910856246948
1545.0 1.2696728706359863
1555.0 1.4907200336456299
1565.0 1.5579400062561035
1575.0 1.3886637687683105
1585.0 35767
1595.0 1.3414294719696045
1605.0 1.4348640441894531
1615.0 1.2806501388549805
1625.0 1.4682908058166504
1635.0 1.4524115324020386
1645.0 1.6250072717666626
1655.0 1.608747959136963
1665.0 1.6300698518753052
1675.0 1.4068400859832764
1685.0 1.3790994882583618
1695.0 1.4199299812316895
1705.0 1.4994755983352661
1715.0 1.4896636009216309
1725.0 1.4811173677444458
1735.0 1.465680718421936
1745.0 1.5583802461624146
1755.0 1.5781439542770386
1765.0 35767
1775.0 1.630368709564209
1785.0 1.638208031654358
1795.0 1.6383628845214844
1805.0 1.5198577642440796
1815.0 1.4582747220993042
1825.0 1.4725620746612549
1835.0 1.5168133974075317
1845.0 1.586443305015564
1855.0 1.4167296886444092
1865.0 1.253909707069397
1875.0 1.3692272901535034
1885.0 1.4607903957366943
1895.0 1.6167142391204834
1905.0 1.8099629878997803
1915.0 1.6207040548324585
1925.0 1.5157320499420166
1935.0 1.472235918045044
1945.0 1.440354824066162
1955.0 1.587050437927246
1965.0 1.5702245235443115
1975.0 1.5954220294952393
1985.0 1.5626939535140991
1995.0 35767
2005.0 1.6519278287887573
2015.0 1.6356388330459595
2025.0 1.5729920864105225
2035.0 1.4811921119689941
2045.0 1.5380330085754395
2055.0 1.6643574237823486
2065.0 1.8204739093780518
2075.0 1.6588902473449707
2085.0 1.664547324180603
2095.0 35767
2105.0 1.423508882522583
2115.0 1.4044452905654907
2125.0 1.4259281158447266
2135.0 1.3757274150848389
2145.0 1.4997867345809937
2155.0 1.5698621273040771
2165.0 1.6410918235778809
2175.0 35767
2185.0 1.4427125453948975
2195.0 35767
2205.0 35767
2215.0 35767
2225.0 1.3510704040527344
2235.0 1.4703948497772217
2245.0 1.3954448699951172
2255.0 1.3821465969085693
2265.0 1.3859847784042358
2275.0 1.74943208694458
2285.0 1.5730493068695068
2295.0 1.5477657318115234
2305.0 1.5388922691345215
2315.0 1.3892509937286377
2325.0 1.419160008430481
2335.0 1.307211995124817
2345.0 1.3216718435287476
2355.0 1.4511208534240723
2365.0 1.4311233758926392
2375.0 1.4942207336425781
2385.0 35767
2395.0 1.5737208127975464
2405.0 1.5150678157806396
2415.0 1.4697167873382568
2425.0 1.4259483814239502
2435.0 1.1162313222885132
2445.0 1.6072229146957397
2455.0 1.6869748830795288
2465.0 1.6089900732040405
2475.0 1.4764060974121094
2485.0 1.5168135166168213
2495.0 1.5253992080688477
2505.0 1.4591854810714722
2515.0 1.57356858253479
2525.0 1.5013822317123413
2535.0 1.4186443090438843
2545.0 1.5335780382156372
2555.0 1.5418792963027954
2565.0 35767
2575.0 1.4882586002349854
2585.0 1.4729526042938232
2595.0 1.3887090682983398
2605.0 1.5655115842819214
2615.0 1.5841245651245117
2625.0 1.3770917654037476
2635.0 1.3611644506454468
2645.0 1.4059182405471802
2655.0 1.3531850576400757
2665.0 1.203507423400879
2675.0 1.2762746810913086
2685.0 1.2732800245285034
2695.0 1.313504695892334
2705.0 1.4256198406219482
2715.0 1.3713479042053223
2725.0 1.3818542957305908
2735.0 35767
2745.0 1.31259024143219
2755.0 1.4275546073913574
2765.0 1.4628355503082275
2775.0 35767
2785.0 1.5666029453277588
2795.0 1.580306053161621
2805.0 1.4104912281036377
2815.0 35767
2825.0 1.313522458076477
2835.0 1.4616495370864868
2845.0 1.3894169330596924
2855.0 1.3091439008712769
2865.0 1.6106698513031006
2875.0 1.5823575258255005
2885.0 1.504448413848877
2895.0 1.5402921438217163
2905.0 1.5903775691986084
2915.0 1.5068676471710205
2925.0 1.475215196609497
2935.0 1.463208556175232
2945.0 1.4322013854980469
2955.0 1.3303680419921875
2965.0 35767
2975.0 1.2714495658874512
2985.0 1.4341800212860107
2995.0 1.4001679420471191
3005.0 1.5440254211425781
3015.0 35767
3025.0 1.4546278715133667
3035.0 1.2289249897003174
3045.0 1.2002770900726318
3055.0 1.4872795343399048
3065.0 1.5761771202087402
3075.0 1.4325520992279053
3085.0 1.4862158298492432
3095.0 1.4601387977600098
3105.0 1.4550085067749023
3115.0 1.3059477806091309
3125.0 1.2525079250335693
3135.0 1.4568891525268555
3145.0 1.4334242343902588
3155.0 1.2757806777954102
3165.0 1.3042305707931519
3175.0 35767
3185.0 1.331871509552002
3195.0 1.3444761037826538
3205.0 1.3696659803390503
3215.0 1.3600006103515625
3225.0 1.524993896484375
3235.0 1.536630630493164
3245.0 1.4236934185028076
3255.0 1.200752854347229
3265.0 1.3550937175750732
3275.0 1.3478487730026245
3285.0 1.4169775247573853
3295.0 1.5172064304351807
3305.0 1.4483968019485474
3315.0 1.3689727783203125
3325.0 1.3319573402404785
3335.0 35767
3345.0 35767
