5.0 4.463371276855469
15.0 35767
25.0 35767
35.0 4.06461238861084
45.0 4.119651794433594
55.0 35767
65.0 35767
75.0 35767
85.0 35767
95.0 35767
105.0 35767
115.0 35767
125.0 35767
135.0 35767
145.0 4.6670613288879395
155.0 35767
165.0 35767
175.0 35767
185.0 35767
195.0 4.149856090545654
205.0 3.9755918979644775
215.0 4.149906158447266
225.0 4.115849018096924
235.0 4.327903747558594
245.0 4.262782096862793
255.0 4.4096550941467285
265.0 4.238200664520264
275.0 4.402966499328613
285.0 4.10303258895874
295.0 35767
305.0 35767
315.0 35767
325.0 35767
335.0 35767
345.0 4.007116794586182
355.0 3.785397529602051
365.0 35767
375.0 4.0311970710754395
385.0 4.18304967880249
395.0 35767
405.0 4.417940139770508
415.0 35767
425.0 4.450631141662598
435.0 35767
445.0 4.496831893920898
455.0 4.269500732421875
465.0 35767
475.0 4.403251647949219
485.0 35767
495.0 4.234674453735352
505.0 4.1981892585754395
515.0 4.178492069244385
525.0 35767
535.0 3.856504201889038
545.0 3.918640375137329
555.0 35767
565.0 35767
575.0 35767
585.0 35767
595.0 4.056532382965088
605.0 35767
615.0 4.242072582244873
625.0 35767
635.0 35767
645.0 35767
655.0 35767
665.0 35767
675.0 35767
685.0 4.315186977386475
695.0 35767
705.0 4.2285847663879395
715.0 35767
725.0 35767
735.0 4.2737298011779785
745.0 3.967501401901245
755.0 35767
765.0 3.9015963077545166
775.0 35767
785.0 4.166886806488037
795.0 35767
805.0 35767
815.0 4.28155517578125
825.0 35767
835.0 35767
845.0 35767
855.0 35767
865.0 35767
875.0 4.228114128112793
885.0 35767
895.0 35767
905.0 35767
915.0 4.114748954772949
925.0 35767
935.0 35767
945.0 35767
955.0 35767
965.0 35767
975.0 4.106543064117432
985.0 35767
995.0 35767
1005.0 35767
1015.0 35767
1025.0 4.124127388000488
1035.0 4.077799320220947
1045.0 4.03649377822876
1055.0 4.234807968139648
1065.0 35767
1075.0 35767
1085.0 35767
1095.0 4.115096092224121
1105.0 35767
1115.0 35767
1125.0 3.9933505058288574
1135.0 3.9751176834106445
1145.0 35767
1155.0 35767
1165.0 3.940276861190796
1175.0 35767
1185.0 35767
1195.0 4.294190883636475
1205.0 4.109683990478516
1215.0 35767
1225.0 3.7984166145324707
1235.0 4.147558689117432
1245.0 4.105432510375977
1255.0 3.996030807495117
1265.0 35767
1275.0 35767
1285.0 4.205795764923096
1295.0 35767
1305.0 35767
1315.0 35767
1325.0 4.168977737426758
1335.0 4.198788642883301
1345.0 35767
1355.0 4.168525695800781
1365.0 4.041250705718994
1375.0 4.028074741363525
1385.0 35767
1395.0 3.9024744033813477
1405.0 35767
1415.0 35767
1425.0 4.033979892730713
1435.0 3.9132139682769775
1445.0 35767
1455.0 35767
1465.0 35767
1475.0 35767
1485.0 35767
1495.0 4.032018661499023
1505.0 35767
1515.0 3.798546314239502
1525.0 35767
1535.0 3.9422171115875244
1545.0 4.2414655685424805
1555.0 4.080182075500488
1565.0 4.008636474609375
1575.0 4.150590896606445
1585.0 35767
1595.0 35767
1605.0 4.265633583068848
1615.0 4.017497539520264
1625.0 4.101145267486572
1635.0 35767
1645.0 4.158350944519043
1655.0 35767
1665.0 35767
1675.0 35767
1685.0 4.407877445220947
1695.0 4.429319381713867
1705.0 4.100565433502197
1715.0 4.3088250160217285
1725.0 4.24613094329834
1735.0 4.2241716384887695
1745.0 4.037575721740723
1755.0 3.99468731880188
1765.0 35767
1775.0 4.1473541259765625
1785.0 35767
1795.0 3.866719961166382
1805.0 35767
1815.0 35767
1825.0 35767
1835.0 35767
1845.0 35767
1855.0 35767
1865.0 35767
1875.0 35767
1885.0 35767
1895.0 3.957674264907837
1905.0 35767
1915.0 4.173299312591553
1925.0 4.285340309143066
1935.0 35767
1945.0 35767
1955.0 35767
1965.0 4.266119003295898
1975.0 35767
1985.0 35767
1995.0 4.293418884277344
2005.0 35767
2015.0 35767
2025.0 4.132798671722412
2035.0 35767
2045.0 35767
2055.0 35767
2065.0 35767
2075.0 35767
2085.0 35767
2095.0 35767
2105.0 4.082206726074219
2115.0 4.034065246582031
2125.0 35767
2135.0 4.093999862670898
2145.0 4.265553951263428
2155.0 4.212671279907227
2165.0 35767
2175.0 4.181711196899414
2185.0 35767
2195.0 4.093163013458252
2205.0 35767
2215.0 35767
2225.0 35767
2235.0 4.337302207946777
2245.0 35767
2255.0 35767
2265.0 4.43676233291626
2275.0 4.3954081535339355
2285.0 35767
2295.0 35767
2305.0 4.014175891876221
2315.0 4.086818695068359
2325.0 3.9435925483703613
2335.0 35767
2345.0 35767
2355.0 35767
2365.0 4.3575053215026855
2375.0 35767
2385.0 35767
2395.0 4.238593101501465
2405.0 35767
2415.0 35767
2425.0 35767
2435.0 35767
2445.0 35767
2455.0 35767
2465.0 35767
2475.0 4.290744304656982
2485.0 35767
2495.0 35767
2505.0 35767
2515.0 3.978749990463257
2525.0 35767
2535.0 4.14042854309082
2545.0 35767
2555.0 4.122605800628662
2565.0 3.838860034942627
2575.0 35767
2585.0 35767
2595.0 35767
2605.0 4.250521659851074
2615.0 35767
2625.0 35767
2635.0 35767
2645.0 4.245674133300781
2655.0 4.054023742675781
2665.0 35767
2675.0 35767
2685.0 4.346549034118652
2695.0 35767
2705.0 35767
2715.0 35767
2725.0 35767
2735.0 35767
2745.0 4.2866530418396
2755.0 35767
2765.0 35767
2775.0 35767
2785.0 35767
2795.0 4.003044128417969
2805.0 4.091355800628662
2815.0 35767
2825.0 35767
2835.0 35767
2845.0 35767
2855.0 3.984966993331909
2865.0 4.036238670349121
2875.0 4.176331043243408
2885.0 35767
2895.0 35767
2905.0 4.144437313079834
2915.0 4.15989875793457
2925.0 35767
2935.0 4.148037910461426
2945.0 4.341175556182861
2955.0 4.401181221008301
2965.0 4.213786602020264
2975.0 35767
2985.0 35767
2995.0 35767
3005.0 35767
3015.0 4.427934646606445
3025.0 4.253838539123535
3035.0 35767
3045.0 3.960024118423462
3055.0 35767
3065.0 35767
3075.0 35767
3085.0 35767
3095.0 35767
3105.0 4.263350486755371
3115.0 35767
3125.0 35767
3135.0 35767
3145.0 35767
3155.0 4.024921894073486
3165.0 35767
3175.0 3.9553656578063965
3185.0 4.2391133308410645
3195.0 35767
3205.0 35767
3215.0 35767
3225.0 35767
3235.0 4.169591426849365
3245.0 35767
3255.0 35767
3265.0 35767
3275.0 35767
3285.0 35767
3295.0 35767
3305.0 35767
3315.0 35767
3325.0 35767
3335.0 35767
