5.0 3.919617176055908
15.0 3.871041774749756
25.0 3.796767234802246
35.0 3.7816975116729736
45.0 3.7410311698913574
55.0 3.8468780517578125
65.0 3.8369202613830566
75.0 3.8686294555664062
85.0 3.864946126937866
95.0 3.885929584503174
105.0 3.9182982444763184
115.0 3.9624574184417725
125.0 3.9264116287231445
135.0 3.8304085731506348
145.0 3.8716917037963867
155.0 3.8443171977996826
165.0 3.793470859527588
175.0 3.7825558185577393
185.0 3.9493765830993652
195.0 3.9910950660705566
205.0 3.9238173961639404
215.0 3.8685903549194336
225.0 3.8437869548797607
235.0 3.905423164367676
245.0 3.970928430557251
255.0 3.805572509765625
265.0 3.841182231903076
275.0 3.865161657333374
285.0 3.8626010417938232
295.0 3.841521739959717
305.0 3.8304576873779297
315.0 3.8070719242095947
325.0 3.8170831203460693
335.0 3.8367481231689453
345.0 3.807847499847412
355.0 3.73098087310791
365.0 3.871659278869629
375.0 4.022965431213379
385.0 3.9858016967773438
395.0 3.937761068344116
405.0 3.8368337154388428
415.0 3.7837376594543457
425.0 3.823514223098755
435.0 3.896299123764038
445.0 3.964165687561035
455.0 4.004834175109863
465.0 3.927896022796631
475.0 3.8172178268432617
485.0 3.857348680496216
495.0 3.829190254211426
505.0 3.7937798500061035
515.0 3.8393137454986572
525.0 3.9820175170898438
535.0 3.920661449432373
545.0 3.9430742263793945
555.0 3.9239556789398193
565.0 3.9032301902770996
575.0 3.825597047805786
585.0 3.742818832397461
595.0 3.7768330574035645
605.0 3.849184989929199
615.0 3.8507609367370605
625.0 3.8547706604003906
635.0 3.917546033859253
645.0 3.9196579456329346
655.0 3.882399082183838
665.0 3.8163280487060547
675.0 3.8364553451538086
685.0 3.774015426635742
695.0 3.8331501483917236
705.0 3.867464542388916
715.0 3.9194741249084473
725.0 4.011620044708252
735.0 3.9557290077209473
745.0 3.969386100769043
755.0 3.946173667907715
765.0 3.970568895339966
775.0 3.8835036754608154
785.0 3.890124797821045
795.0 3.9338865280151367
805.0 3.9697515964508057
815.0 3.9285356998443604
825.0 3.945824146270752
835.0 3.902480363845825
845.0 3.881120204925537
855.0 3.8846189975738525
865.0 3.8127942085266113
875.0 3.825887680053711
885.0 3.9246654510498047
895.0 3.9236226081848145
905.0 3.876646041870117
915.0 3.880807876586914
925.0 3.8560986518859863
935.0 3.866780996322632
945.0 3.937136173248291
955.0 3.869042158126831
965.0 3.984743595123291
975.0 3.9355051517486572
985.0 3.7876169681549072
995.0 3.815608501434326
1005.0 3.874645709991455
1015.0 4.028806209564209
1025.0 3.9670209884643555
1035.0 3.9361300468444824
1045.0 3.8194289207458496
1055.0 3.807277202606201
1065.0 3.826265811920166
1075.0 3.757356643676758
1085.0 3.7528140544891357
1095.0 3.885741710662842
1105.0 3.8938331604003906
1115.0 3.890632390975952
1125.0 3.8756980895996094
1135.0 3.883408546447754
1145.0 3.94970440864563
1155.0 3.8708510398864746
1165.0 3.9208831787109375
1175.0 3.997133255004883
1185.0 3.7795629501342773
1195.0 3.708585262298584
1205.0 3.9248147010803223
1215.0 3.9098758697509766
1225.0 3.897728204727173
1235.0 3.9058492183685303
1245.0 3.9649603366851807
1255.0 3.886760950088501
1265.0 3.965327739715576
1275.0 3.931399345397949
1285.0 3.837204933166504
1295.0 3.7945451736450195
1305.0 3.87060809135437
1315.0 3.9092931747436523
1325.0 3.895827293395996
1335.0 3.829353094100952
1345.0 3.878218650817871
1355.0 3.9570209980010986
1365.0 3.8413288593292236
1375.0 3.786500930786133
1385.0 3.8015074729919434
1395.0 3.859874725341797
1405.0 3.751622438430786
1415.0 3.847134590148926
1425.0 3.9395322799682617
1435.0 3.8868958950042725
1445.0 3.907369375228882
1455.0 3.8360400199890137
1465.0 3.7689051628112793
1475.0 3.876147508621216
1485.0 3.8870160579681396
1495.0 3.846531629562378
1505.0 3.790924549102783
1515.0 3.944188117980957
1525.0 3.8433194160461426
1535.0 3.892129421234131
1545.0 3.9816040992736816
1555.0 3.9683494567871094
1565.0 3.938523530960083
1575.0 3.7532753944396973
1585.0 3.941516876220703
1595.0 3.886284828186035
1605.0 3.8184852600097656
1615.0 3.7390966415405273
1625.0 4.036962509155273
1635.0 3.958085536956787
1645.0 3.869626522064209
1655.0 3.876772403717041
1665.0 3.857618570327759
1675.0 3.871523857116699
1685.0 3.7305259704589844
1695.0 3.7902657985687256
1705.0 3.972191095352173
1715.0 3.9054274559020996
1725.0 3.9590988159179688
1735.0 3.818574905395508
1745.0 3.8209986686706543
1755.0 3.8191943168640137
1765.0 3.9215989112854004
1775.0 3.9771616458892822
1785.0 3.951836109161377
1795.0 3.9485623836517334
1805.0 3.933431625366211
1815.0 4.031914234161377
1825.0 3.941905975341797
1835.0 3.7939934730529785
1845.0 3.735145330429077
1855.0 3.9807934761047363
1865.0 3.8210349082946777
1875.0 3.769930362701416
1885.0 3.863705635070801
1895.0 3.863295316696167
1905.0 3.843006134033203
1915.0 3.869290351867676
1925.0 3.969362735748291
1935.0 4.028753757476807
1945.0 4.045421600341797
1955.0 3.8685250282287598
1965.0 3.738962173461914
1975.0 3.7550413608551025
1985.0 3.817748546600342
1995.0 3.911583662033081
2005.0 3.895009994506836
2015.0 3.94549560546875
2025.0 3.9652516841888428
2035.0 3.86970853805542
2045.0 3.8721249103546143
2055.0 3.8104629516601562
2065.0 3.8569705486297607
2075.0 3.8806233406066895
2085.0 3.8445966243743896
2095.0 3.908757448196411
2105.0 3.8345351219177246
2115.0 3.9375290870666504
2125.0 4.009864807128906
2135.0 3.9111056327819824
2145.0 3.901517629623413
2155.0 35767
2165.0 3.827352285385132
2175.0 3.9628772735595703
2185.0 3.9042892456054688
2195.0 3.8723630905151367
2205.0 3.853947639465332
2215.0 3.8189847469329834
2225.0 35767
