5.0 1.4818835258483887
15.0 1.3537731170654297
25.0 0.9144887924194336
35.0 1.140653133392334
45.0 1.1606720685958862
55.0 1.594996452331543
65.0 1.3299953937530518
75.0 1.3871647119522095
85.0 35767
95.0 0.8387713432312012
105.0 0.7227244973182678
115.0 0.944440484046936
125.0 1.2851507663726807
135.0 1.2439790964126587
145.0 1.4387364387512207
155.0 35767
165.0 35767
175.0 0.87660151720047
185.0 0.9532979726791382
195.0 35767
205.0 1.3225371837615967
215.0 35767
225.0 1.0445923805236816
235.0 1.0227305889129639
245.0 1.11690354347229
255.0 1.2290253639221191
265.0 1.2072162628173828
275.0 1.3649959564208984
285.0 1.408968210220337
295.0 1.4009299278259277
305.0 1.0620688199996948
315.0 1.0032143592834473
325.0 35767
335.0 1.2650705575942993
345.0 0.9876611232757568
355.0 35767
365.0 1.5535342693328857
375.0 0.9273974299430847
385.0 0.9319299459457397
395.0 0.9400001764297485
405.0 0.8893724679946899
415.0 1.3353883028030396
425.0 1.3876831531524658
435.0 1.4339523315429688
445.0 1.1038358211517334
455.0 1.1755807399749756
465.0 1.3864190578460693
475.0 1.2449915409088135
485.0 0.7749067544937134
495.0 1.2310316562652588
505.0 0.9394232630729675
515.0 1.379254698753357
525.0 1.1010748147964478
535.0 1.2235983610153198
545.0 1.0968347787857056
555.0 0.90889573097229
565.0 1.0734310150146484
575.0 1.2427078485488892
585.0 35767
595.0 1.0278652906417847
605.0 1.0292026996612549
615.0 1.5708575248718262
625.0 1.1336504220962524
635.0 1.3041839599609375
645.0 1.4733120203018188
655.0 35767
665.0 1.1241414546966553
675.0 1.5708179473876953
685.0 0.9232763648033142
695.0 0.7663760185241699
705.0 1.0676077604293823
715.0 1.1882915496826172
725.0 35767
735.0 1.6062461137771606
745.0 1.4120956659317017
755.0 0.6592592000961304
765.0 35767
775.0 1.7856719493865967
785.0 35767
795.0 35767
805.0 35767
815.0 35767
825.0 0.9704592823982239
835.0 1.063306450843811
845.0 0.963017463684082
855.0 1.1132668256759644
865.0 1.3599821329116821
875.0 1.5421359539031982
885.0 35767
895.0 1.526681661605835
905.0 0.8918061852455139
915.0 0.8220697641372681
925.0 1.1806650161743164
935.0 1.192417860031128
945.0 1.1738511323928833
955.0 1.1073505878448486
965.0 35767
975.0 1.1356515884399414
985.0 1.217228651046753
995.0 35767
1005.0 0.8335490226745605
1015.0 35767
1025.0 1.4351633787155151
1035.0 35767
1045.0 35767
1055.0 1.3471596240997314
1065.0 0.7775698900222778
1075.0 1.0075358152389526
1085.0 35767
1095.0 35767
1105.0 0.8249906301498413
1115.0 0.8788394331932068
1125.0 1.3093516826629639
1135.0 35767
1145.0 1.1986147165298462
1155.0 1.2716730833053589
1165.0 1.1380653381347656
1175.0 1.064035177230835
1185.0 1.4453723430633545
1195.0 1.523921012878418
1205.0 1.6321749687194824
1215.0 1.4892237186431885
1225.0 1.1249949932098389
1235.0 35767
1245.0 35767
1255.0 1.2281228303909302
1265.0 1.0370193719863892
1275.0 1.4186160564422607
1285.0 1.1710803508758545
1295.0 1.3497841358184814
1305.0 35767
1315.0 1.2729485034942627
1325.0 1.4082975387573242
1335.0 35767
1345.0 0.746916651725769
1355.0 1.254350185394287
1365.0 1.1838300228118896
1375.0 35767
1385.0 1.0572173595428467
1395.0 0.8618570566177368
1405.0 1.135137677192688
1415.0 1.730802297592163
1425.0 0.9787546396255493
1435.0 1.1208654642105103
1445.0 35767
1455.0 0.8116143941879272
1465.0 0.6032761335372925
1475.0 35767
1485.0 1.1985538005828857
1495.0 1.1470524072647095
1505.0 1.1315689086914062
1515.0 1.3470591306686401
1525.0 1.5271494388580322
1535.0 0.9449564218521118
1545.0 0.6702068448066711
1555.0 1.4559556245803833
1565.0 1.2933201789855957
1575.0 1.164703607559204
1585.0 1.2168707847595215
1595.0 35767
1605.0 1.4312448501586914
1615.0 1.4762401580810547
1625.0 1.6236355304718018
1635.0 0.904862642288208
1645.0 1.2302087545394897
1655.0 0.9185675978660583
1665.0 35767
1675.0 0.8850604891777039
1685.0 0.8527431488037109
1695.0 1.104555606842041
1705.0 1.1427538394927979
1715.0 35767
1725.0 35767
1735.0 35767
1745.0 35767
1755.0 35767
1765.0 1.1599897146224976
1775.0 1.5093393325805664
1785.0 1.3006561994552612
1795.0 0.9427206516265869
1805.0 0.9303368330001831
1815.0 1.4878613948822021
1825.0 1.2958904504776
1835.0 1.3885023593902588
1845.0 1.0786679983139038
1855.0 1.142202615737915
1865.0 35767
1875.0 35767
1885.0 1.039616584777832
1895.0 0.9951682090759277
1905.0 0.9567173719406128
1915.0 35767
1925.0 0.9120326638221741
1935.0 1.1134926080703735
1945.0 0.6855170130729675
1955.0 0.6338200569152832
1965.0 1.639547348022461
1975.0 1.275352954864502
1985.0 1.185902714729309
1995.0 1.0518354177474976
2005.0 1.2113491296768188
2015.0 35767
2025.0 0.8376519680023193
2035.0 1.533668875694275
2045.0 1.0459970235824585
2055.0 0.6457841396331787
2065.0 1.1393482685089111
2075.0 0.9017052054405212
2085.0 0.872117280960083
2095.0 1.1640026569366455
2105.0 35767
2115.0 35767
2125.0 35767
2135.0 35767
2145.0 0.9296249151229858
2155.0 1.0970203876495361
2165.0 1.0581815242767334
2175.0 35767
2185.0 0.49600979685783386
2195.0 35767
2205.0 1.0498230457305908
2215.0 1.2626947164535522
2225.0 1.301682949066162
2235.0 1.44502854347229
2245.0 0.7193401455879211
2255.0 1.678314447402954
2265.0 35767
2275.0 1.2218455076217651
2285.0 1.5142498016357422
2295.0 0.5753730535507202
2305.0 0.573600172996521
2315.0 1.2316986322402954
2325.0 1.4096571207046509
2335.0 0.9456207752227783
2345.0 1.2073864936828613
2355.0 0.7957227826118469
2365.0 0.9026116728782654
2375.0 35767
2385.0 1.0699950456619263
2395.0 1.815096139907837
2405.0 1.3233911991119385
2415.0 35767
2425.0 1.2674224376678467
2435.0 1.5373516082763672
2445.0 1.0555423498153687
2455.0 35767
2465.0 1.0302180051803589
2475.0 1.3895573616027832
2485.0 1.2164052724838257
2495.0 0.8954755663871765
2505.0 0.8270096778869629
2515.0 0.9849611520767212
2525.0 1.2674884796142578
2535.0 1.1162030696868896
2545.0 0.7639667391777039
2555.0 0.6728748083114624
2565.0 1.018836259841919
2575.0 1.63352370262146
2585.0 35767
2595.0 35767
2605.0 35767
2615.0 1.1026310920715332
2625.0 1.0680243968963623
2635.0 1.213011622428894
2645.0 35767
2655.0 1.6079057455062866
2665.0 0.8899070024490356
2675.0 35767
2685.0 1.1425349712371826
2695.0 1.4597100019454956
2705.0 1.2406787872314453
2715.0 35767
2725.0 1.0683435201644897
2735.0 1.3533883094787598
2745.0 1.0991756916046143
2755.0 0.807493269443512
2765.0 0.9950286149978638
2775.0 1.1976356506347656
2785.0 35767
2795.0 0.7871241569519043
2805.0 1.1670947074890137
2815.0 1.0649076700210571
2825.0 35767
2835.0 0.9703773856163025
2845.0 1.2842738628387451
2855.0 35767
2865.0 0.7615706920623779
2875.0 1.0810565948486328
2885.0 1.159329891204834
2895.0 1.4146151542663574
2905.0 1.023711085319519
2915.0 1.0519258975982666
2925.0 1.3140803575515747
2935.0 0.6979581713676453
2945.0 1.1276259422302246
2955.0 1.4331936836242676
2965.0 35767
2975.0 0.5798009037971497
2985.0 0.8416669964790344
2995.0 35767
3005.0 35767
3015.0 1.4376587867736816
3025.0 0.712631106376648
3035.0 0.6650968194007874
3045.0 35767
3055.0 0.9108266234397888
3065.0 35767
3075.0 1.009801983833313
3085.0 1.1099530458450317
3095.0 0.5656921863555908
3105.0 1.8530550003051758
3115.0 1.188246250152588
3125.0 0.9234523177146912
3135.0 35767
3145.0 35767
3155.0 1.0971002578735352
3165.0 35767
3175.0 35767
3185.0 1.0837024450302124
3195.0 1.1213830709457397
3205.0 0.7490253448486328
3215.0 1.120642900466919
3225.0 0.6699182987213135
3235.0 0.9315005540847778
3245.0 1.1912298202514648
3255.0 1.115596890449524
3265.0 0.9338183999061584
3275.0 1.0622451305389404
3285.0 0.7777559161186218
3295.0 0.4774587154388428
3305.0 0.7577880024909973
3315.0 1.165785551071167
3325.0 1.0801255702972412
3335.0 0.9039589762687683
