5.0 4.036857604980469
15.0 3.939507484436035
25.0 3.7793304920196533
35.0 3.7457590103149414
45.0 3.8351151943206787
55.0 3.6580843925476074
65.0 3.0599265098571777
75.0 3.3041749000549316
85.0 3.5365381240844727
95.0 3.778393268585205
105.0 3.7352919578552246
115.0 3.8146371841430664
125.0 3.7705507278442383
135.0 3.8850138187408447
145.0 4.019565582275391
155.0 4.011344909667969
165.0 3.932619333267212
175.0 3.8573598861694336
185.0 3.743305206298828
195.0 3.7639808654785156
205.0 3.6134510040283203
215.0 3.646970272064209
225.0 3.83912992477417
235.0 3.8234472274780273
245.0 3.883990526199341
255.0 4.008144378662109
265.0 4.064795017242432
275.0 4.168038368225098
285.0 4.197727680206299
295.0 4.060685634613037
305.0 3.989067792892456
315.0 3.8764443397521973
325.0 3.9835736751556396
335.0 3.8457279205322266
345.0 3.920747756958008
355.0 3.9024319648742676
365.0 3.854398727416992
375.0 4.029618740081787
385.0 3.9184184074401855
395.0 3.7783241271972656
405.0 3.5844240188598633
415.0 3.814255714416504
425.0 3.824747085571289
435.0 3.8377976417541504
445.0 3.4402194023132324
455.0 3.715625047683716
465.0 3.6413397789001465
475.0 3.7942848205566406
485.0 3.94891357421875
495.0 3.8709545135498047
505.0 3.7382774353027344
515.0 3.8291146755218506
525.0 3.5551276206970215
535.0 3.342454433441162
545.0 3.686378002166748
555.0 3.4317009449005127
565.0 3.6857948303222656
575.0 3.776740789413452
585.0 4.092055797576904
595.0 4.463386058807373
605.0 4.139921188354492
615.0 3.7487285137176514
625.0 3.9707448482513428
635.0 3.716670513153076
645.0 3.830326557159424
655.0 3.778940439224243
665.0 3.3661346435546875
675.0 3.316105842590332
685.0 3.513629913330078
695.0 4.024166584014893
705.0 4.075757026672363
715.0 4.059061527252197
725.0 4.1412858963012695
735.0 4.051133155822754
745.0 3.76621150970459
755.0 3.904327630996704
765.0 3.8870694637298584
775.0 3.5767860412597656
785.0 3.471202850341797
795.0 3.8808629512786865
805.0 3.9472098350524902
815.0 3.6627771854400635
825.0 4.07948637008667
835.0 3.718770742416382
845.0 4.083109378814697
855.0 3.9525561332702637
865.0 3.731079578399658
875.0 3.910048484802246
885.0 4.14760684967041
895.0 3.8851096630096436
905.0 3.6287922859191895
915.0 4.146393299102783
925.0 4.194901466369629
935.0 4.035223484039307
945.0 3.886410713195801
955.0 3.741960048675537
965.0 3.7975659370422363
975.0 35767
985.0 3.8788256645202637
995.0 3.8451595306396484
1005.0 3.987610101699829
1015.0 3.5385401248931885
1025.0 3.702537775039673
1035.0 3.6568684577941895
1045.0 -6.489993572235107
1055.0 3.7345714569091797
1065.0 3.829000949859619
1075.0 4.062342166900635
1085.0 4.096963405609131
1095.0 4.03882360458374
1105.0 3.933441638946533
1115.0 4.058959007263184
1125.0 4.009392738342285
1135.0 3.962069272994995
1145.0 3.365236520767212
1155.0 3.3865551948547363
1165.0 35767
1175.0 3.4238221645355225
1185.0 3.4205257892608643
1195.0 3.636747360229492
1205.0 3.823543071746826
1215.0 3.8858747482299805
1225.0 3.7280073165893555
1235.0 35767
1245.0 -14.158653259277344
1255.0 4.079941749572754
1265.0 4.143028259277344
1275.0 4.020713806152344
1285.0 3.8833401203155518
1295.0 3.899901866912842
1305.0 3.7698915004730225
1315.0 3.6460931301116943
1325.0 4.284794330596924
1335.0 3.7938876152038574
1345.0 3.7319297790527344
1355.0 3.8261303901672363
1365.0 3.9209697246551514
1375.0 3.818941593170166
1385.0 4.072210311889648
1395.0 3.854246139526367
1405.0 3.675705909729004
1415.0 3.696150779724121
1425.0 3.7544870376586914
1435.0 3.8797690868377686
1445.0 3.9719018936157227
1455.0 3.94010591506958
1465.0 4.038816452026367
1475.0 3.9518470764160156
1485.0 3.9932870864868164
1495.0 4.0254902839660645
1505.0 3.9717564582824707
1515.0 3.7678067684173584
1525.0 3.5798912048339844
1535.0 3.774411201477051
1545.0 3.8678531646728516
1555.0 3.687502861022949
1565.0 3.596553325653076
1575.0 3.6150941848754883
1585.0 3.5656819343566895
1595.0 3.5287530422210693
1605.0 3.6766486167907715
1615.0 3.6749863624572754
1625.0 3.629657506942749
1635.0 3.577998161315918
1645.0 4.064798831939697
1655.0 3.72318696975708
1665.0 3.623643398284912
1675.0 3.6426138877868652
1685.0 3.5108768939971924
1695.0 3.3374669551849365
1705.0 3.4121317863464355
1715.0 3.36906099319458
1725.0 3.753615379333496
1735.0 3.8300609588623047
1745.0 3.742884397506714
1755.0 3.920830726623535
1765.0 3.6627566814422607
1775.0 3.8219175338745117
1785.0 3.893256187438965
1795.0 3.857403039932251
1805.0 3.7829737663269043
1815.0 3.947582721710205
1825.0 4.0941338539123535
1835.0 4.363783836364746
1845.0 4.245896339416504
1855.0 4.270737648010254
1865.0 4.081203460693359
1875.0 4.022646427154541
1885.0 3.9362940788269043
1895.0 4.270205020904541
1905.0 4.632805347442627
1915.0 4.3147969245910645
1925.0 4.137364387512207
1935.0 4.141002178192139
1945.0 3.991997003555298
1955.0 3.8239665031433105
1965.0 3.7944746017456055
1975.0 3.6005663871765137
1985.0 3.6578476428985596
1995.0 3.757261276245117
2005.0 3.65299654006958
2015.0 3.8240513801574707
2025.0 3.7860867977142334
2035.0 3.7191057205200195
2045.0 3.7021241188049316
2055.0 3.6290106773376465
2065.0 3.778689384460449
2075.0 3.8501946926116943
2085.0 3.931678295135498
2095.0 3.7572786808013916
2105.0 3.582620620727539
2115.0 3.7557239532470703
2125.0 3.4494872093200684
2135.0 3.5541491508483887
2145.0 3.670039176940918
2155.0 3.8885767459869385
2165.0 3.990204334259033
2175.0 3.8483216762542725
2185.0 -8.110462188720703
2195.0 3.895620584487915
2205.0 3.7258527278900146
2215.0 3.836049795150757
2225.0 -8.185286521911621
2235.0 4.049685955047607
2245.0 4.037100315093994
2255.0 3.8411741256713867
2265.0 3.9730687141418457
2275.0 3.8669965267181396
2285.0 3.976212978363037
2295.0 4.060290336608887
2305.0 4.053781986236572
2315.0 -1.8117225170135498
2325.0 3.899723529815674
2335.0 3.7496848106384277
2345.0 3.923523426055908
2355.0 4.038522720336914
2365.0 4.1176347732543945
2375.0 4.141845703125
2385.0 4.323385715484619
2395.0 -5.075129508972168
2405.0 -4.826355934143066
2415.0 -4.559213161468506
2425.0 -4.396828651428223
2435.0 -4.527833938598633
2445.0 4.49151611328125
2455.0 -1.1614211797714233
2465.0 4.463108062744141
2475.0 -2.642407178878784
2485.0 3.9570107460021973
2495.0 4.26092529296875
2505.0 4.233592987060547
2515.0 4.400096416473389
2525.0 4.18804931640625
2535.0 4.0320820808410645
2545.0 3.8904621601104736
2555.0 4.027121067047119
2565.0 3.9740381240844727
2575.0 3.8395533561706543
2585.0 3.809952735900879
2595.0 3.6047773361206055
2605.0 3.832195281982422
2615.0 3.9135797023773193
2625.0 3.7924575805664062
2635.0 3.8969151973724365
2645.0 4.050118923187256
2655.0 3.9525303840637207
2665.0 3.853692054748535
2675.0 3.7236156463623047
2685.0 3.960015058517456
2695.0 4.03245210647583
2705.0 3.9445247650146484
2715.0 3.923926830291748
2725.0 35767
2735.0 -0.0505184680223465
2745.0 35767
2755.0 3.8632688522338867
2765.0 -3.929265022277832
2775.0 3.9961905479431152
2785.0 3.897096872329712
2795.0 3.886401891708374
2805.0 3.712778091430664
2815.0 3.8619110584259033
2825.0 3.635496139526367
2835.0 3.7474000453948975
2845.0 3.7546539306640625
2855.0 35767
2865.0 3.8675835132598877
2875.0 3.8583574295043945
2885.0 -2.256131172180176
2895.0 -2.5666489601135254
2905.0 3.884368419647217
2915.0 -2.6421122550964355
2925.0 -2.6105315685272217
2935.0 -2.3918099403381348
2945.0 3.5278897285461426
2955.0 -2.2242937088012695
2965.0 -1.8531615734100342
2975.0 3.637920379638672
2985.0 -1.5741980075836182
2995.0 -1.5796362161636353
3005.0 -1.5328282117843628
3015.0 3.678433418273926
3025.0 3.578540563583374
3035.0 -1.2455164194107056
3045.0 3.7591946125030518
3055.0 3.7259585857391357
3065.0 4.008881092071533
3075.0 3.8703789710998535
3085.0 3.757594347000122
3095.0 3.7469332218170166
3105.0 3.8244192600250244
3115.0 3.8112728595733643
3125.0 2.087491273880005
3135.0 2.2264175415039062
3145.0 2.326508045196533
3155.0 2.3298768997192383
3165.0 2.753192901611328
3175.0 2.6949386596679688
3185.0 2.9213860034942627
3195.0 2.93636155128479
3205.0 2.7321653366088867
3215.0 2.7261903285980225
3225.0 2.7721056938171387
3235.0 2.8600096702575684
3245.0 3.0160579681396484
3255.0 3.2000722885131836
3265.0 3.126925230026245
3275.0 2.9579648971557617
3285.0 2.9654653072357178
3295.0 2.936488151550293
3305.0 2.9499003887176514
3315.0 2.9805612564086914
3325.0 3.0066170692443848
3335.0 2.9500279426574707
