5.0 4.059021472930908
15.0 4.088618755340576
25.0 4.233641624450684
35.0 4.444450378417969
45.0 4.584466934204102
55.0 4.651975154876709
65.0 4.6024627685546875
75.0 4.4997053146362305
85.0 4.234954357147217
95.0 4.124870300292969
105.0 4.1176605224609375
115.0 4.039036750793457
125.0 4.163670063018799
135.0 4.148900032043457
145.0 4.214864730834961
155.0 4.149357795715332
165.0 4.304952621459961
175.0 4.305880069732666
185.0 4.294851779937744
195.0 4.419039726257324
205.0 4.422300338745117
215.0 4.293643951416016
225.0 4.277599811553955
235.0 4.357616424560547
245.0 4.230186462402344
255.0 3.9287109375
265.0 3.954862594604492
275.0 3.7854866981506348
285.0 3.883913516998291
295.0 4.174953460693359
305.0 4.140844345092773
315.0 4.392057418823242
325.0 4.19657039642334
335.0 4.26777458190918
345.0 4.260503768920898
355.0 4.296877861022949
365.0 4.436753273010254
375.0 4.342083930969238
385.0 4.267512798309326
395.0 4.264288425445557
405.0 4.335397720336914
415.0 4.225591659545898
425.0 4.0176215171813965
435.0 3.8878133296966553
445.0 3.878218412399292
455.0 4.227717399597168
465.0 4.406155109405518
475.0 4.384452819824219
485.0 4.301392078399658
495.0 4.279366970062256
505.0 4.17279577255249
515.0 4.241460800170898
525.0 4.432316780090332
535.0 4.517799377441406
545.0 4.375147342681885
555.0 4.514286041259766
565.0 4.355487823486328
575.0 4.305174827575684
585.0 4.331110954284668
595.0 4.2898969650268555
605.0 4.230754852294922
615.0 4.155241966247559
625.0 4.12516975402832
635.0 4.011385917663574
645.0 4.062219142913818
655.0 4.148617267608643
665.0 4.309903621673584
675.0 4.632584095001221
685.0 4.641428470611572
695.0 4.491297245025635
705.0 4.20897102355957
715.0 4.013335227966309
725.0 4.094465255737305
735.0 4.153120040893555
745.0 4.145450592041016
755.0 4.216981410980225
765.0 4.218304634094238
775.0 4.155978679656982
785.0 4.204480171203613
795.0 4.181789398193359
805.0 4.248678684234619
815.0 4.28267765045166
825.0 4.251718044281006
835.0 4.1669816970825195
845.0 4.443118095397949
855.0 4.614808559417725
865.0 4.548001766204834
875.0 4.485438823699951
885.0 4.4288740158081055
895.0 4.437969207763672
905.0 4.376750946044922
915.0 4.152334690093994
925.0 4.064386367797852
935.0 3.956901788711548
945.0 3.9677722454071045
955.0 4.1098222732543945
965.0 4.146038055419922
975.0 4.148130416870117
985.0 4.4580078125
995.0 4.630947113037109
1005.0 4.715897560119629
1015.0 4.612142562866211
1025.0 4.310365676879883
1035.0 4.087080478668213
1045.0 4.146392345428467
1055.0 4.104209899902344
1065.0 4.116074085235596
1075.0 4.23899507522583
1085.0 4.269840240478516
1095.0 4.1823225021362305
1105.0 4.138078689575195
1115.0 4.192559719085693
1125.0 4.320425033569336
1135.0 4.5892438888549805
1145.0 4.809909343719482
1155.0 4.746608734130859
1165.0 4.679060935974121
1175.0 4.432642936706543
1185.0 4.339200019836426
1195.0 4.0036187171936035
1205.0 3.9736180305480957
1215.0 3.8987183570861816
1225.0 4.019125938415527
1235.0 4.275905609130859
1245.0 4.465845584869385
1255.0 4.329038143157959
1265.0 4.302089214324951
1275.0 4.25645637512207
1285.0 4.173245429992676
1295.0 4.140533447265625
1305.0 4.208649635314941
1315.0 4.346121788024902
1325.0 4.213632583618164
1335.0 4.188604354858398
1345.0 4.356948375701904
1355.0 4.299009799957275
1365.0 4.341142654418945
1375.0 4.3878326416015625
1385.0 4.264991283416748
1395.0 4.114613056182861
1405.0 4.187795639038086
1415.0 4.314602375030518
1425.0 4.420973777770996
1435.0 4.274285316467285
1445.0 4.132235527038574
1455.0 4.0811872482299805
1465.0 3.899019718170166
1475.0 3.957418441772461
1485.0 3.936830520629883
1495.0 4.169898509979248
1505.0 4.33239221572876
1515.0 4.336131572723389
1525.0 4.309964656829834
1535.0 4.1048264503479
1545.0 4.103312015533447
1555.0 4.055384159088135
1565.0 4.275166988372803
1575.0 4.339589595794678
1585.0 4.251477241516113
1595.0 4.113084316253662
1605.0 4.074735641479492
1615.0 3.9530632495880127
1625.0 3.8388352394104004
1635.0 3.846647024154663
1645.0 3.847731590270996
1655.0 4.023697853088379
1665.0 4.404749393463135
1675.0 4.407601356506348
1685.0 4.373456954956055
1695.0 4.283755302429199
1705.0 4.352219581604004
1715.0 4.247891426086426
1725.0 4.3784894943237305
1735.0 4.427128791809082
1745.0 4.45177698135376
1755.0 4.408050537109375
1765.0 4.148116111755371
1775.0 4.150406837463379
1785.0 4.024690628051758
1795.0 4.131547927856445
1805.0 4.103837013244629
1815.0 4.161311149597168
1825.0 4.146570205688477
1835.0 4.177595138549805
1845.0 4.17641019821167
1855.0 4.2874860763549805
1865.0 4.322447776794434
1875.0 4.418050289154053
1885.0 4.670769691467285
1895.0 4.558781147003174
1905.0 4.409241199493408
1915.0 4.124390125274658
1925.0 3.992361068725586
1935.0 3.9891788959503174
1945.0 4.098372936248779
1955.0 4.241539001464844
1965.0 4.214878082275391
1975.0 4.201693058013916
1985.0 4.2241034507751465
1995.0 4.192171096801758
2005.0 4.2491679191589355
2015.0 4.398454189300537
2025.0 4.336853981018066
2035.0 4.3177995681762695
2045.0 4.267614841461182
2055.0 4.122988700866699
2065.0 4.042593002319336
2075.0 4.144491672515869
2085.0 4.037078857421875
2095.0 4.049681663513184
2105.0 4.174345016479492
2115.0 4.277237892150879
2125.0 4.1946120262146
2135.0 4.103152751922607
2145.0 4.122372627258301
2155.0 4.437347888946533
2165.0 4.519362926483154
2175.0 4.552710056304932
2185.0 4.285374164581299
2195.0 4.358250617980957
2205.0 4.159626483917236
2215.0 3.9064247608184814
2225.0 3.8200485706329346
2235.0 3.797309398651123
2245.0 3.925776481628418
2255.0 4.233729362487793
2265.0 4.338886260986328
2275.0 4.389858722686768
2285.0 4.568758010864258
2295.0 4.501028537750244
2305.0 4.3794660568237305
2315.0 4.3510284423828125
2325.0 4.327587604522705
2335.0 4.101534366607666
2345.0 4.236171245574951
2355.0 4.287379264831543
2365.0 4.116312026977539
2375.0 4.007831573486328
2385.0 3.9199492931365967
2395.0 3.892354965209961
2405.0 4.052788734436035
2415.0 4.126562118530273
2425.0 4.168159008026123
2435.0 4.117419719696045
2445.0 4.086212158203125
2455.0 4.018886089324951
2465.0 4.079748153686523
2475.0 4.1755900382995605
2485.0 4.252252578735352
2495.0 4.193199634552002
2505.0 4.21652889251709
2515.0 4.326947212219238
2525.0 4.178544521331787
2535.0 4.118839263916016
2545.0 3.931440591812134
2555.0 4.101057052612305
2565.0 4.017187118530273
2575.0 3.9417643547058105
2585.0 3.897829055786133
2595.0 4.075818061828613
2605.0 4.247265815734863
2615.0 4.373965263366699
2625.0 4.608193397521973
2635.0 4.502312660217285
2645.0 4.55542516708374
2655.0 4.349638938903809
2665.0 4.223628997802734
2675.0 4.232131481170654
2685.0 4.138540267944336
2695.0 4.133037567138672
2705.0 4.01763391494751
2715.0 4.039498329162598
2725.0 4.098697185516357
2735.0 3.9654619693756104
2745.0 4.058302879333496
2755.0 4.112251281738281
2765.0 4.13338565826416
2775.0 4.295322418212891
2785.0 4.400719165802002
2795.0 4.647317886352539
2805.0 4.496293067932129
2815.0 4.339118957519531
2825.0 4.176331043243408
2835.0 3.8850197792053223
2845.0 3.8610942363739014
2855.0 3.80668306350708
2865.0 3.8539886474609375
2875.0 4.016648292541504
2885.0 4.083927631378174
2895.0 4.2067718505859375
2905.0 4.365725040435791
2915.0 4.347875118255615
2925.0 4.151261329650879
2935.0 4.074953079223633
2945.0 4.128377914428711
2955.0 4.0237650871276855
2965.0 4.0858988761901855
2975.0 4.203638076782227
2985.0 4.258044719696045
2995.0 4.463388442993164
3005.0 4.327638626098633
3015.0 4.215904235839844
3025.0 4.253293514251709
3035.0 3.98832106590271
3045.0 3.920614719390869
3055.0 3.9318184852600098
3065.0 4.243330955505371
3075.0 4.319782733917236
3085.0 4.455060958862305
3095.0 4.502419471740723
3105.0 4.296236038208008
3115.0 4.3354973793029785
3125.0 4.188272476196289
3135.0 4.161838054656982
3145.0 4.178437232971191
3155.0 4.127146244049072
3165.0 4.002238750457764
3175.0 4.005227565765381
3185.0 4.0377655029296875
3195.0 4.097105026245117
3205.0 4.229669570922852
3215.0 4.313255786895752
3225.0 4.317293167114258
3235.0 4.337430000305176
3245.0 4.284502983093262
3255.0 4.189167022705078
3265.0 4.077295303344727
3275.0 3.9997639656066895
3285.0 4.086476802825928
3295.0 4.130365371704102
3305.0 4.299600601196289
3315.0 4.288002014160156
3325.0 4.155714511871338
3335.0 4.045097827911377
3345.0 3.9465010166168213
