5.0 4.5366435050964355
15.0 4.807846546173096
25.0 4.580397605895996
35.0 4.850268363952637
45.0 4.472144603729248
55.0 4.295434951782227
65.0 3.837834596633911
75.0 35767
85.0 3.665229558944702
95.0 4.110269546508789
105.0 35767
115.0 4.584599494934082
125.0 4.476241111755371
135.0 4.726561546325684
145.0 4.591056823730469
155.0 4.642062187194824
165.0 35767
175.0 4.463529586791992
185.0 4.253939628601074
195.0 4.196621417999268
205.0 4.651305198669434
215.0 4.654387474060059
225.0 4.47236967086792
235.0 4.169269561767578
245.0 4.150614261627197
255.0 4.067544937133789
265.0 4.05706787109375
275.0 4.054215431213379
285.0 35767
295.0 3.6551501750946045
305.0 3.7026216983795166
315.0 3.8628897666931152
325.0 4.146833896636963
335.0 4.1617584228515625
345.0 4.403668403625488
355.0 4.447560787200928
365.0 4.553751468658447
375.0 35767
385.0 4.81565523147583
395.0 4.261862754821777
405.0 4.119529724121094
415.0 4.144711494445801
425.0 4.081761360168457
435.0 4.180370330810547
445.0 3.726381301879883
455.0 4.036980628967285
465.0 4.518116474151611
475.0 4.466554641723633
485.0 4.503402233123779
495.0 4.066393852233887
505.0 4.1540937423706055
515.0 4.368039131164551
525.0 4.472052097320557
535.0 3.919786214828491
545.0 4.053956508636475
555.0 4.09019660949707
565.0 4.459806442260742
575.0 4.452478885650635
585.0 4.279181480407715
595.0 4.819668292999268
605.0 4.09909200668335
615.0 4.198793888092041
625.0 3.9591424465179443
635.0 4.212226390838623
645.0 4.304236888885498
655.0 4.300546646118164
665.0 4.539943218231201
675.0 4.489040851593018
685.0 4.261199951171875
695.0 4.220982551574707
705.0 3.9092702865600586
715.0 4.003007888793945
725.0 4.220578193664551
735.0 3.9783527851104736
745.0 4.105513095855713
755.0 4.353343963623047
765.0 4.467313766479492
775.0 4.793064117431641
785.0 4.952919006347656
795.0 4.258021354675293
805.0 3.9418928623199463
815.0 4.19217586517334
825.0 4.8340349197387695
835.0 4.693729400634766
845.0 4.406445026397705
855.0 4.4537739753723145
865.0 4.012709140777588
875.0 4.044755935668945
885.0 4.326212406158447
895.0 4.157594680786133
905.0 4.128772735595703
915.0 35767
925.0 35767
935.0 4.6884307861328125
945.0 4.611324310302734
955.0 4.643967151641846
965.0 4.0396013259887695
975.0 35767
985.0 4.517580986022949
995.0 4.468179225921631
1005.0 4.241034030914307
1015.0 4.307189464569092
1025.0 35767
1035.0 4.030368804931641
1045.0 4.044500827789307
1055.0 4.403533935546875
1065.0 35767
1075.0 35767
1085.0 4.529785633087158
1095.0 4.668209552764893
1105.0 35767
1115.0 4.836967468261719
1125.0 4.5243940353393555
1135.0 35767
1145.0 4.5100297927856445
1155.0 4.488567352294922
1165.0 4.281389236450195
1175.0 4.10725736618042
1185.0 3.9540116786956787
1195.0 4.314216136932373
1205.0 3.970754384994507
1215.0 4.213738441467285
1225.0 4.271395683288574
1235.0 4.070603847503662
1245.0 4.022128105163574
1255.0 3.9994630813598633
1265.0 3.881287097930908
1275.0 4.182424068450928
1285.0 4.420623779296875
1295.0 35767
1305.0 35767
1315.0 4.688096046447754
1325.0 4.397119998931885
1335.0 4.300894737243652
1345.0 4.301703453063965
1355.0 4.306596279144287
1365.0 4.115311622619629
1375.0 3.5854742527008057
1385.0 4.024024963378906
1395.0 3.6780219078063965
1405.0 4.039697170257568
1415.0 4.4036030769348145
1425.0 4.710290908813477
1435.0 4.891813278198242
1445.0 4.544099807739258
1455.0 4.5739240646362305
1465.0 4.114626407623291
1475.0 4.108399391174316
1485.0 4.214349269866943
1495.0 4.715389251708984
1505.0 4.576103687286377
1515.0 4.644254207611084
1525.0 4.589962959289551
1535.0 3.6990129947662354
1545.0 4.089852333068848
1555.0 3.500828981399536
1565.0 3.403006076812744
1575.0 35767
1585.0 4.157350063323975
1595.0 4.277103424072266
1605.0 4.486554145812988
1615.0 4.5654168128967285
1625.0 4.768543243408203
1635.0 4.7074103355407715
1645.0 4.516881942749023
1655.0 4.499720573425293
1665.0 4.1670002937316895
1675.0 4.135267734527588
1685.0 3.773489236831665
1695.0 3.563282012939453
1705.0 3.47652006149292
1715.0 35767
1725.0 4.446298599243164
1735.0 4.204730987548828
1745.0 4.278939723968506
1755.0 4.741662502288818
1765.0 4.52439022064209
1775.0 4.629286766052246
1785.0 4.481288433074951
1795.0 3.965548038482666
1805.0 4.175429821014404
1815.0 3.9832966327667236
1825.0 4.017334461212158
1835.0 4.106646537780762
1845.0 3.9772768020629883
1855.0 4.058285236358643
1865.0 35767
1875.0 4.963080883026123
1885.0 4.525356292724609
1895.0 4.487255573272705
1905.0 4.482080459594727
1915.0 4.3153977394104
1925.0 4.502818584442139
1935.0 4.643016815185547
1945.0 4.686187267303467
1955.0 3.967507839202881
1965.0 4.276569366455078
1975.0 4.247616767883301
1985.0 3.997997522354126
1995.0 4.3070855140686035
2005.0 4.250002861022949
2015.0 4.184401512145996
2025.0 4.094210624694824
2035.0 35767
2045.0 4.2777862548828125
2055.0 4.063817501068115
2065.0 4.148767471313477
2075.0 4.016172409057617
2085.0 4.0026044845581055
2095.0 4.412565231323242
2105.0 4.274275779724121
2115.0 3.86025333404541
2125.0 4.491011142730713
2135.0 4.517180919647217
2145.0 4.723601818084717
2155.0 4.556768417358398
2165.0 4.74261474609375
2175.0 4.781675338745117
2185.0 35767
2195.0 4.406148910522461
2205.0 4.237912654876709
2215.0 4.204470157623291
2225.0 4.364655017852783
2235.0 5.115392208099365
2245.0 5.175001621246338
2255.0 4.306143760681152
2265.0 4.070365905761719
2275.0 4.607945442199707
2285.0 35767
2295.0 3.8605451583862305
2305.0 3.8130812644958496
2315.0 3.909407138824463
2325.0 3.872131586074829
2335.0 3.7602386474609375
2345.0 35767
2355.0 4.542876720428467
2365.0 4.192080974578857
2375.0 4.009494304656982
2385.0 4.214019775390625
2395.0 4.396037578582764
2405.0 4.516136169433594
2415.0 4.347483158111572
2425.0 4.255406379699707
2435.0 4.354611873626709
2445.0 4.442005157470703
2455.0 4.226294994354248
2465.0 4.213734149932861
2475.0 4.717839241027832
2485.0 4.548542022705078
2495.0 4.1873626708984375
2505.0 4.31771993637085
2515.0 4.400883674621582
2525.0 3.8757588863372803
2535.0 4.009819984436035
2545.0 4.138649940490723
2555.0 4.324702262878418
2565.0 4.364057540893555
2575.0 35767
2585.0 4.394903182983398
2595.0 4.274890422821045
2605.0 3.83370041847229
2615.0 4.320082187652588
2625.0 4.26674222946167
2635.0 4.1388139724731445
2645.0 35767
2655.0 4.735892295837402
2665.0 4.362677097320557
2675.0 4.2590179443359375
2685.0 4.155856132507324
2695.0 4.124455451965332
2705.0 35767
2715.0 4.301652908325195
2725.0 4.372181415557861
2735.0 4.097658634185791
2745.0 3.813157558441162
2755.0 3.806647777557373
2765.0 4.022634506225586
2775.0 3.7451910972595215
2785.0 4.2383713722229
2795.0 4.335515022277832
2805.0 4.8355207443237305
2815.0 4.583842754364014
2825.0 3.8302884101867676
2835.0 3.713280200958252
2845.0 35767
2855.0 4.2040324211120605
2865.0 4.171548843383789
2875.0 3.9485511779785156
2885.0 4.121779441833496
2895.0 4.288332462310791
2905.0 4.494185924530029
2915.0 4.375888347625732
2925.0 4.603747367858887
2935.0 4.787853240966797
2945.0 4.614943504333496
2955.0 4.379875183105469
2965.0 4.267978668212891
2975.0 4.523987293243408
2985.0 4.328676223754883
2995.0 4.282754898071289
3005.0 4.215429306030273
3015.0 3.988037109375
3025.0 4.073094367980957
3035.0 4.514631271362305
3045.0 4.359052658081055
3055.0 4.303654670715332
3065.0 4.400379180908203
3075.0 4.052727222442627
3085.0 35767
3095.0 5.205329895019531
3105.0 4.992513656616211
3115.0 4.517672061920166
3125.0 4.504617214202881
3135.0 4.182846546173096
3145.0 4.291631698608398
3155.0 4.0112762451171875
3165.0 4.1670989990234375
3175.0 4.0652241706848145
3185.0 4.063797950744629
3195.0 4.0383100509643555
3205.0 3.9185075759887695
3215.0 4.4657206535339355
3225.0 4.023301124572754
3235.0 4.416106224060059
3245.0 4.169547080993652
3255.0 3.973595380783081
3265.0 4.030591011047363
3275.0 4.111422061920166
3285.0 35767
3295.0 4.361250400543213
3305.0 4.104419231414795
3315.0 4.337940216064453
3325.0 4.5633544921875
3335.0 4.513914108276367
3345.0 35767
