11.5 2.629896
12.22 2.685759
12.94 2.841408
22.29 2.7023442
23.01 2.5980515
23.01 2.743723
43.12 2.5872784
51.02 2.644685
101.15 2.4472513
109.0 2.566542
109.71 2.6199071
109.71 2.6266425
116.85 2.6862402
116.85 2.52303
117.56 2.3971803
118.28 2.6623003
118.99 2.58992
118.99 2.7470434
146.8 2.444833
146.8 2.2981336
147.51 2.6867363
156.78 2.8012407
157.49 2.5595467
157.49 2.7143042
192.4 2.9288874
193.12 2.662938
193.12 2.695304
215.21 2.6750364
220.2 2.3546848
220.2 3.1881187
220.2 2.3603976
223.77 2.8454983
224.49 2.8280146
224.49 2.674952
224.49 2.7663224
243.77 2.7371674
243.77 2.9430063
243.77 2.670335
280.93 2.587084
281.64 2.8236418
281.64 2.6087534
293.79 2.6052608
294.51 2.5532498
294.51 2.3445625
304.52 2.6479106
305.23 2.7062292
305.23 2.6928155
306.66 2.46134
307.38 2.5862105
307.38 2.6063948
321.68 2.6391568
323.83 2.5321934
323.83 2.7402494
324.54 2.6433966
330.26 2.535852
330.26 2.4872427
330.98 2.8070018
330.98 2.454976
362.44 2.677135
362.44 2.5833201
363.16 2.4781299
384.61 2.3620496
385.32 2.2364721
385.32 2.2486298
388.9 2.574319
389.61 2.5482965
389.61 2.4121847
390.33 2.660027
401.76 2.4835815
402.48 2.8458004
403.19 2.6485648
419.63 2.6000404
419.63 2.6058118
420.34 2.4250622
421.06 2.355642
421.06 2.4643133
421.77 2.4761221
421.77 2.622306
422.49 2.537077
436.78 2.721378
460.35 2.6837332
483.21 2.50062
516.05 2.7195473
516.05 2.7079504
516.77 2.5257392
528.9 2.5716705
528.9 2.7493722
529.61 2.7278442
540.32 2.8004262
566.74 2.225376
567.46 2.5208259
586.04 2.4643466
589.61 2.7200687
589.61 2.5486426
590.32 2.6467066
592.47 2.666607
592.47 2.8515053
593.18 2.7404232
626.8 2.7720563
626.8 2.202844
627.52 2.5699518
643.98 1.7711695
643.97 2.5776384
644.69 2.2963557
646.84 2.1837764
646.84 2.4984295
647.56 2.390511
649.71 2.677884
650.43 2.1691334
665.49 2.361214
666.2 2.8233933
666.2 2.7279365
669.79 2.623774
690.59 2.777815
690.59 2.8400764
691.31 2.7365508
691.31 3.531209
707.09 2.7452297
707.09 2.4671407
707.81 2.6145756
707.81 2.6094086
708.52 2.7324169
712.83 2.4422517
713.55 2.2224555
713.55 2.5825832
715.7 2.6214828
716.41 2.5766385
727.17 2.2646074
743.65 2.651307
743.65 2.585037
744.36 2.7423468
776.58 2.5049355
776.58 2.6854618
776.58 2.535985
782.3 2.6434798
783.03 2.6557105
783.75 2.6024292
784.46 2.600961
785.17 2.719568
785.89 2.5931957
785.89 2.5800169
802.3 2.4240534
802.3 2.5473335
803.01 2.5223122
817.27 2.6274548
817.99 2.5899415
818.7 2.5604606
818.7 2.4294994
834.38 2.7541685
842.22 2.756658
842.93 2.339086
856.47 2.6755068
859.32 2.770573
860.03 2.7049382
892.81 2.420477
897.8 2.7880888
909.2 2.5839822
909.2 2.5092816
909.2 2.7545714
920.61 2.743374
921.33 2.3097
921.33 2.5786629
925.58 2.5977287
926.3 2.5950077
939.16 2.6392465
939.88 2.392267
939.88 2.2341137
940.59 2.4416912
957.75 2.6176484
961.33 2.6861653
986.35 2.466269
987.07 2.699447
987.07 2.445767
1000.65 2.6175385
1001.36 2.5327644
1001.36 2.5726845
1002.08 2.4974077
1002.79 2.4096851
1003.5 2.6663249
1027.08 2.412216
1029.22 2.5592723
1029.93 2.6995182
1029.93 2.3784404
1043.49 2.6778834
1043.49 2.7791057
1043.49 2.6693995
1054.9 2.162561
1054.9 2.4319
1055.61 2.5295422
1069.18 2.720722
1076.28 2.79035
1084.81 2.686687
1084.81 2.5425975
1085.52 2.4426973
1109.67 2.4438567
1109.67 2.6242378
1110.38 2.921298
1111.09 2.8395154
1111.09 2.966972
1111.8 2.3586314
1129.56 1.9385602
1129.56 2.64873
1130.27 2.391394
1130.27 2.6547382
1130.98 2.443943
1136.67 2.5020666
1136.67 2.4395251
1137.38 2.328089
1158.7 2.6711593
1159.41 2.1865737
1160.12 2.867273
1169.37 2.7700727
1169.37 2.7725954
1170.09 2.8100498
1170.8 2.683116
1173.65 2.5255482
1174.36 2.6638966
1174.36 2.765339
1175.07 2.5093002
1217.15 2.447241
1220.01 2.4115171
1220.73 2.7159564
1220.73 2.298926
1240.79 2.7916505
1241.51 2.6784556
1241.51 2.7128434
1258.73 2.5550928
1259.45 2.7711728
1268.79 2.505928
1290.35 2.5685499
1290.35 2.1098766
1291.07 2.5916202
1298.98 2.7064974
1299.7 2.4766018
1299.7 2.618961
1300.42 2.9224596
1316.24 2.647875
1316.96 2.501327
1317.68 2.7014055
1317.68 2.5483685
1326.31 2.6722977
1326.31 2.8815377
1327.03 2.6614468
1332.06 2.9104984
1332.06 2.819729
1332.78 2.455562
1353.63 2.5538797
1354.35 2.7797809
1383.8 2.7675045
1384.51 2.622623
1390.97 2.7809637
1418.2 2.856648
1418.92 2.8466759
1418.92 2.4596584
1424.65 2.857712
1425.36 2.5814745
1426.08 2.6200287
1426.08 2.705329
1444.67 3.2724855
1444.68 2.6367214
1444.67 3.5576572
1463.97 2.7869198
1464.68 2.5720515
1464.68 2.5547378
1468.96 2.6373744
1469.68 2.5834353
1469.68 2.6975877
1471.1 2.672756
1471.82 2.5125122
1471.82 2.593637
1472.53 2.6041472
1473.25 2.59278
1473.96 2.5628798
1474.67 2.872914
1475.39 2.6186068
1475.39 2.7886398
1491.08 2.6855974
1491.79 2.6910243
1492.5 2.8230667
1493.22 2.6584294
1493.22 2.7115593
1493.21 3.1666107
1501.06 2.5483866
1501.78 2.613995
1501.77 2.8088255
1502.49 2.7141457
1503.2 2.6826003
1503.2 2.4992223
1506.76 2.656829
1532.37 2.6800935
1535.21 2.8111339
1535.92 2.7526095
1560.1 2.6684432
1572.2 2.756247
1572.2 2.3392806
1572.91 2.6070228
1578.6 2.2584474
1587.81 14.686276
1615.63 2.7822
1615.63 2.5002227
1616.34 2.7622466
1617.06 2.7786052
1617.77 2.6355712
1641.29 2.7291331
1642.01 2.4820716
1642.01 2.7326205
1642.72 2.4842517
1642.72 2.754403
1647.01 2.6188326
1647.02 2.2099967
1647.73 2.560939
1657.74 2.613244
1658.46 2.5891728
1658.46 2.6361284
1659.17 2.5836508
1686.38 2.8999574
1687.1 2.206492
1687.81 2.6559558
1711.46 2.7455575
1712.17 2.6674895
1712.17 2.701058
1712.89 2.4402244
1713.61 2.4096549
1714.32 2.4930775
1731.52 2.6674767
1746.57 2.574344
1746.57 2.0762432
1746.57 2.5796106
1749.44 2.796137
1750.15 2.4723754
1750.15 2.6754813
1752.3 2.806859
1752.3 2.6780932
1752.3 2.6378984
1765.19 2.97248
1773.07 2.638362
1773.07 2.5927238
1773.79 2.6090937
1817.4 2.6995916
1818.11 2.6780849
1818.11 2.7015972
1835.96 2.943597
1844.52 2.7509484
1845.23 2.7851827
1845.23 2.7906268
1845.95 2.6989932
1846.66 2.8084002
1846.66 2.8833177
1847.37 2.9364855
1873.06 2.5203607
1873.77 2.602054
1873.77 2.9222233
1874.48 2.733173
1895.88 2.7263882
1896.6 2.8844557
1917.29 2.5779142
1918.0 2.6388066
1918.0 2.5896926
1918.71 2.8078392
1957.27 2.4373958
1957.98 2.7033088
2001.59 2.2382789
2002.31 2.1287677
2002.31 2.7943633
2003.02 2.5268965
2023.77 2.436884
2026.64 2.1479416
2027.35 2.5902004
2027.35 2.7130144
2037.37 2.879894
2038.09 2.887728
2038.09 2.7843518
2053.13 2.5597408
2053.85 2.4298663
2053.85 2.6504502
2054.56 2.7784646
2058.86 2.5352426
2058.86 2.1719532
2058.86 2.5437486
2059.58 2.4061418
2064.59 2.4448528
2064.59 2.704581
2065.31 2.4736075
2071.75 2.3196812
2083.94 2.7013774
2084.66 2.467476
2084.66 2.5243385
2085.37 2.2488012
2157.78 2.5394077
2158.5 2.695466
2158.5 2.5532508
2176.41 2.1784863
2176.41 2.731448
2177.13 2.6464646
2203.63 2.6632028
2203.63 2.6585608
2204.35 2.5302668
2205.06 2.5613923
2205.06 2.647887
2220.1 2.6342475
2220.82 2.5539742
