2229.01 3.9043937
2228.29 3.8661
2227.58 3.9263976
2227.58 3.7168777
2222.56 3.9672856
2222.56 3.83371
2221.84 3.564078
2221.13 3.8801212
2220.41 3.9608443
2219.69 3.8229628
2219.69 3.691469
2218.98 3.7301822
2215.4 3.8098006
2215.4 3.928997
2215.4 3.8500152
2214.68 3.8472974
2212.53 3.8150067
2212.53 3.78432
2211.81 3.9658906
2211.1 3.7762794
2210.38 3.829701
2208.23 3.9366777
2207.51 3.6878307
2207.51 3.7347798
2207.51 4.051658
2206.8 3.89434
2203.93 3.5897863
2203.93 4.0598745
2203.93 3.7831697
2203.21 3.8799949
2201.78 3.8783612
2201.78 3.8535974
2201.06 3.8539476
2201.06 3.9125297
2200.35 3.8377266
2200.35 3.8455944
2199.63 3.8999312
2198.91 3.8012335
2198.91 3.8802156
2198.2 3.8088803
2198.2 3.752588
2197.48 3.8228652
2196.05 3.9745278
2195.33 3.7712748
2195.33 3.9387438
2191.03 3.9095414
2190.32 3.9433966
2190.32 3.8645105
2189.6 3.938412
2186.02 3.905894
2186.02 3.8084025
2185.3 3.7968197
2185.3 3.9026847
2182.43 3.9719589
2181.72 3.8837705
2181.72 3.786464
2180.28 3.917541
2180.28 3.9584525
2179.57 3.9479222
2179.57 4.0024524
2179.57 4.0573792
2178.85 3.8327227
2178.13 3.8471372
2171.68 3.992685
2170.97 3.9778326
2170.97 3.8457918
2170.25 3.9935584
2170.25 3.6578102
2165.95 3.9722166
2160.93 3.6675146
2160.93 3.9094198
2160.22 3.7452848
2143.74 3.9015176
2133.7 3.912342
2133.7 4.0562487
2132.98 3.5259533
2132.27 3.8195114
2132.27 3.7808962
2130.84 3.9938731
2130.84 3.909869
2130.12 4.071622
2125.82 4.0220504
2125.82 3.9625602
2125.1 3.984138
2124.39 4.007141
2124.39 4.0993533
2122.24 4.048163
2121.52 3.9660995
2121.52 3.875977
2120.09 4.012588
2120.09 4.017848
2119.37 3.7329762
2119.37 3.9487767
2119.37 4.099066
2118.65 3.858458
2118.65 4.0046344
2118.65 4.016995
2114.35 3.8871775
2113.64 3.9125593
2113.64 3.9965334
2112.92 3.538798
2112.21 4.0284452
2112.21 3.937529
2110.05 3.935261
2109.34 4.023857
2106.47 3.7823277
2105.75 4.07055
2105.75 3.8867428
2105.04 3.5239363
2105.04 3.7741067
2099.3 3.890214
2098.59 3.8570235
2097.87 3.9087574
2097.87 3.7408187
2097.15 3.7479558
2092.14 3.880768
2092.14 3.8637974
2092.14 3.9231918
2092.14 3.920681
2091.42 3.9619439
2090.7 3.98579
2090.7 4.0793376
2090.7 3.9512641
2089.99 3.8010547
2087.12 3.7740552
2087.12 3.9124734
2086.4 3.8721936
2085.68 3.533893
2084.97 3.9012806
2084.97 3.7807112
2084.97 3.837736
2084.25 3.915637
2083.53 3.8272429
2082.82 3.9009762
2082.82 3.8514574
2082.82 3.9388955
2080.67 3.7627523
2079.95 3.8419473
2079.23 3.8903375
2078.52 3.8899517
2075.65 3.7488186
2074.93 3.8955703
2074.93 3.871295
2072.07 3.8004875
2072.07 3.927699
2072.07 3.8247101
2070.64 3.9691887
2069.92 3.8020232
2069.92 3.5187936
2069.92 3.938605
2069.2 3.947892
2064.9 3.8415358
2064.9 3.7073076
2064.9 3.9757526
2064.9 3.982634
2064.18 3.7334244
2062.04 3.8569705
2062.04 4.0295105
2061.32 3.8726444
2060.6 3.7041144
2058.45 3.5818243
2058.45 3.6259646
2057.74 3.8501124
2056.3 3.813529
2055.59 3.7955477
2055.59 3.8151207
2054.15 3.8073967
2053.44 3.8488822
2053.44 3.8210769
2052.72 3.7997928
2044.12 3.812336
2044.12 3.980296
2043.41 3.872125
2039.11 3.6637027
2039.11 3.8682606
2038.39 3.8711565
2038.39 3.7531028
2037.67 3.8764641
2033.38 3.9776974
2033.38 3.7407553
2033.38 3.930644
2025.5 3.9473703
2024.78 3.780147
2024.78 4.120732
2024.07 3.9378905
2024.07 3.9652517
2023.35 4.0321636
2022.63 3.9790654
2022.63 3.9465704
2021.92 4.0476966
2021.2 4.0047708
2021.2 3.8105526
2016.19 3.995889
2015.47 3.908075
2014.76 4.0203094
2014.04 3.9463437
2013.32 3.855682
2013.32 3.9446478
2012.61 3.976201
2011.89 3.8693454
2011.17 3.9361012
2010.46 3.957048
2009.74 3.8880908
2009.03 3.9811912
2009.03 3.9207065
2007.59 3.7430398
2007.59 3.9019291
2006.88 3.8079312
2006.88 4.0321836
2006.16 3.8287234
1999.72 3.9454226
1996.14 3.9422863
1996.14 3.6027126
1996.14 3.9612243
1990.41 3.880881
1990.41 3.7686958
1989.7 3.7782667
1989.7 3.8345275
1988.98 3.8781118
1988.27 3.7314887
1988.27 3.718933
1987.55 3.925358
1987.55 3.8770742
1986.83 3.8231864
1986.83 3.8323302
1986.12 3.840565
1986.12 4.0149837
1985.4 3.499858
1981.11 3.812311
1981.11 3.7571607
1981.11 3.567149
1980.39 3.7279975
1979.68 3.7545009
1978.96 3.7550414
1978.25 3.7876136
1977.53 3.904813
1976.82 3.8045733
1976.82 3.9125197
1976.1 3.6508162
1973.95 3.8336663
1973.24 3.664555
1973.24 3.5572762
1972.52 3.9207191
1971.81 3.6056125
1971.09 3.8076327
1970.38 3.6401896
1970.38 3.6410072
1969.66 3.64294
1968.23 3.745305
1968.23 3.7487586
1967.51 3.705605
1966.8 3.834906
1966.8 3.5933943
1966.08 3.4951713
1965.37 3.7389622
1964.65 3.6959033
1964.65 3.8317654
1963.94 3.921196
1958.22 3.671877
1958.22 4.004308
1957.5 3.520151
1956.79 3.8509018
1956.07 3.897803
1955.36 4.038134
1954.64 3.9835908
1954.64 3.816124
1953.93 3.9306192
1953.21 3.8434186
1953.21 3.8981836
1953.21 3.8026817
1952.49 3.7594993
1952.49 3.876174
1951.78 3.9757502
1951.78 3.8608758
1949.63 3.9597533
1948.92 4.0278907
1948.92 3.963287
1948.2 4.0351367
1948.2 3.9545636
1947.49 3.9524102
1945.34 4.05511
1944.63 4.0625744
1944.63 4.1300554
1943.92 4.127353
1943.91 4.0357327
1943.2 4.0560656
1943.2 4.222992
1943.2 4.089598
1942.48 3.9573545
1942.48 3.9332507
1942.49 4.13645
1942.49 4.0081844
1941.77 4.1248426
1941.77 4.098067
1941.06 4.1242123
1941.06 3.9545836
1935.34 4.152768
1935.34 4.0184946
1935.34 4.050434
1934.62 4.0287538
1934.62 4.102555
1933.19 4.0644126
1933.19 4.027929
1932.48 3.9629998
1931.76 3.8385444
1925.33 3.8462074
1924.62 3.998981
1924.62 3.914513
1923.19 4.020839
1923.19 4.013134
1922.47 3.980559
1920.33 3.7453365
1920.33 3.9581664
1919.61 3.8821745
1918.9 3.8491795
1918.9 4.0144286
1918.18 3.8368366
1916.04 3.8911977
1916.04 3.904085
1916.04 3.8650079
1915.33 3.7171023
1912.47 3.9350917
1912.47 3.8692904
1911.75 3.864684
1911.75 3.7736852
1911.76 3.944448
1911.04 3.485488
1910.33 4.0661287
1910.33 3.4359415
1910.33 3.9431098
1909.61 3.6667545
1908.9 3.7697082
1908.9 3.8916502
1908.18 3.7585628
1908.18 3.8576612
1907.47 3.8516364
1902.47 3.8343759
1902.47 3.808884
1901.76 3.9236212
1901.76 3.9147577
1897.47 3.8427057
1897.47 3.856244
1896.76 3.9018264
1896.04 3.2777784
1895.33 3.8790176
1894.61 3.7454956
1894.61 3.8375838
1894.61 3.8145635
1893.19 3.78835
1892.47 3.9270215
1892.47 3.9167278
1892.47 3.7875142
1892.47 3.9132707
1891.76 3.9079514
1891.76 3.8632953
1891.04 3.9172032
1890.33 3.9478152
1890.33 3.7772772
1890.33 3.8782341
1889.62 3.8733687
1887.47 3.9420927
1886.76 3.8245997
1886.05 3.8540425
1876.05 3.5284362
1876.05 3.783756
1876.05 4.013827
1875.34 3.8738415
1872.48 3.5637023
1871.77 3.8339531
1871.77 3.6975634
1871.06 3.56516
1871.06 3.7699304
1871.06 3.7468438
1870.34 4.0402346
1868.2 3.94092
1868.2 4.112661
1867.49 3.6963778
1867.49 3.7439861
1866.78 3.821969
1866.06 3.7586281
1866.06 3.8811119
1865.35 3.8081422
1864.63 3.5213673
1863.92 4.104178
1863.92 3.7304409
1863.92 3.8408582
1863.21 3.5703793
1863.21 3.9167259
1862.5 4.0698357
1862.49 3.8201008
1862.49 3.207618
1861.78 3.8588467
1861.78 3.96023
1860.35 3.4134307
1859.64 3.9795578
1859.64 3.8815916
1858.93 4.091848
1858.93 3.812561
1858.21 3.8782976
1857.5 4.1281905
1857.5 3.982029
1856.79 4.070876
1856.07 4.09593
1856.07 3.9518151
1856.07 4.0083585
1855.36 3.8958068
1847.51 3.7098818
1847.51 3.7351453
1846.8 3.6805212
1846.8 3.7311003
1846.09 3.8270407
1845.37 3.8783922
1845.37 3.8092358
1844.66 3.8166354
1840.38 3.4715538
1839.67 3.6935136
1838.95 3.6826763
1838.24 3.822178
1838.24 3.8502417
1838.24 3.6875854
1838.24 3.9523435
1837.53 3.7433698
1836.81 3.7658088
1836.81 3.5239513
1836.81 3.6916084
1833.96 3.9317837
1833.25 3.7567105
1833.25 3.9412296
1832.54 3.8247216
1831.82 3.891241
1831.82 3.7653391
1831.11 3.8799734
1830.4 4.1091757
1829.68 3.9034772
1829.68 3.9136932
1827.55 3.907548
1826.83 3.9548793
1826.83 3.9844975
1826.83 3.884344
1824.69 3.9653692
1823.98 3.6508412
1823.98 4.185094
1823.27 3.941906
1821.84 4.14794
1821.13 3.9459844
1821.13 3.9325163
1820.42 3.9874208
1820.42 3.9141269
1819.7 3.8958073
1819.7 4.133254
1818.99 4.0866795
1818.99 3.9819555
1818.99 4.031914
1818.28 3.9979067
1817.56 4.066152
1817.56 4.0570245
1816.85 4.0503473
1816.85 3.9621825
1816.14 3.878867
1815.43 4.1311116
1814.71 4.198951
1814.71 4.030478
1814.0 4.048726
1814.0 4.098479
1813.29 3.9438224
1812.57 4.09065
1811.86 3.963186
1811.86 3.8885047
1811.15 4.1900463
1811.15 4.012463
1810.43 3.6308777
1808.29 3.595032
1807.58 3.8596737
1807.58 3.9579515
1806.87 4.112105
1806.87 3.9371123
1806.16 3.9336305
1805.44 3.5900607
1805.44 4.0684137
1802.59 3.828809
1801.88 3.933233
1801.17 3.8196
1801.17 3.9261227
1801.17 3.938836
1800.45 3.9767215
1800.45 3.8864286
1800.45 4.010136
1799.74 3.834243
1799.74 3.8828409
1799.74 3.834141
1799.03 3.8990114
1799.03 3.8746264
1798.32 3.990528
1795.46 4.016437
1794.75 3.8878665
1794.75 3.9979358
1794.04 4.0923257
1793.33 3.9981706
1793.33 3.9485624
1792.61 4.008788
1789.05 4.0240316
1789.05 3.7599566
1789.05 3.931185
1788.34 3.923976
1788.34 4.027086
1786.91 3.9457908
1786.91 4.000199
1786.2 3.9578817
1775.51 3.8538241
1773.37 4.152825
1772.66 4.0895643
1772.66 3.9714372
1771.94 3.9771616
1765.53 3.8338675
1765.53 3.8007708
1765.53 3.9435048
1764.82 4.095049
1763.39 4.046986
1762.68 3.799422
1762.68 4.014136
1762.68 3.673744
1761.26 4.0066543
1761.25 3.9249797
1761.25 3.918218
1760.54 3.90813
1752.7 3.970651
1751.99 3.895513
1751.99 3.81201
1751.99 3.5981767
1750.56 3.8191943
1749.85 3.825583
1749.85 3.8164144
1749.85 3.5593557
1749.14 3.835396
1749.14 3.917354
1748.43 3.7204974
1747.0 3.766475
1747.0 3.9339168
1746.29 3.6339962
1746.29 3.8953214
1745.58 3.9069455
1745.58 3.7166734
1740.59 3.761621
1740.59 3.913436
1739.88 3.8278506
1737.02 3.8092995
1724.91 3.9938219
1724.91 3.9569497
1724.2 3.9612477
1724.2 3.9031248
1722.06 4.008598
1721.34 3.9158568
1720.63 3.8718033
1720.63 3.979129
1717.07 3.79189
1716.36 3.9707885
1716.35 3.9054275
1714.93 3.9643881
1714.22 3.7679908
1714.22 3.8573444
1712.79 4.0759754
1712.79 3.8316283
1712.08 4.011861
1708.51 3.808635
1707.8 3.972191
1707.8 3.998855
1692.83 3.8120308
1692.11 3.9161415
1692.11 3.785643
1690.69 3.7710564
1690.69 3.7902658
1689.98 3.730526
1689.26 3.9490883
1689.26 3.6765184
1679.99 3.7055628
1679.27 3.810301
1679.27 3.584842
1678.56 3.9890046
1678.56 3.828489
1677.14 3.867832
1676.42 4.043459
1676.42 3.9625964
1675.71 3.8829348
1674.28 3.8102984
1674.28 4.018355
1674.28 3.5198286
1673.57 3.875216
1670.01 4.0627904
1669.29 4.0096135
1669.29 3.827276
1669.29 3.7740266
1667.87 3.944812
1667.87 3.8364365
1667.15 3.8328705
1667.15 3.8048086
1666.44 3.8788006
1665.73 3.8325202
1665.01 3.9182377
1665.02 3.985758
1665.01 3.7414112
1664.3 3.93696
1664.3 3.9585125
1664.3 3.9708018
1663.59 3.7866266
1658.6 3.8767724
1657.88 3.9098706
1657.88 4.0451016
1656.46 3.8361413
1655.74 3.89093
1655.74 3.7517405
1650.04 3.8327372
1649.32 3.7173073
1649.32 3.8980064
1648.61 3.8696265
1648.61 3.659351
1647.9 3.865835
1642.19 3.9982564
1641.47 3.8481617
1641.47 3.8987668
1640.05 3.8927524
1639.33 3.8668327
1639.33 3.7621377
1639.33 3.919231
1638.62 3.949614
1638.62 3.8916652
1637.9 3.966557
1637.9 3.892634
1637.19 3.9351945
1636.48 4.020504
1636.48 3.9093482
1636.48 4.0492125
1632.19 4.0641556
1631.48 4.1396956
1630.77 3.9721956
1630.77 4.0452504
1630.05 4.118884
1629.34 3.973857
1629.34 3.9990335
1629.34 3.7757926
1628.62 4.0137005
1627.91 4.1625686
1627.2 4.235218
1627.19 4.0305777
1626.48 4.0869207
1626.48 4.0724473
1626.48 4.0369625
1622.2 3.9916346
1622.2 4.1481037
1621.48 4.084394
1621.48 3.6676362
1620.77 4.2253976
1620.77 3.6670003
1620.77 4.1874585
1611.48 3.78677
1611.48 3.570135
1611.48 3.8579524
1610.76 3.7365005
1610.76 3.7379284
1610.05 3.7402651
1608.62 3.814606
1608.62 3.9122846
1607.9 3.8223648
1606.47 3.6869757
1606.47 3.677216
1606.47 3.6732175
1604.33 3.9590428
1603.61 3.7350855
1603.61 3.9811292
1602.9 3.9023662
1602.9 3.7099824
1601.47 3.912316
1601.47 3.77774
1600.75 3.9275682
1600.75 3.7934203
1600.04 3.8905625
1599.32 3.8770065
1598.61 3.964247
1598.61 3.7222393
1597.18 3.838468
1597.18 3.7892432
1596.46 3.8862848
1596.46 4.0244336
1596.46 3.988344
1595.75 3.901818
1595.03 3.85236
1594.32 3.917276
1593.6 3.9895053
1592.89 3.882095
1592.89 4.056665
1592.17 4.0339007
1592.17 3.4621527
1591.46 3.7374618
1589.31 4.104109
1588.59 3.957237
1587.88 3.8714225
1587.88 3.8231254
1587.16 3.9415169
1583.58 3.8486388
1582.87 4.004408
1580.0 3.634548
1579.29 3.2803214
1579.29 3.897801
1578.57 3.9073954
1578.57 3.520712
1577.14 3.6503608
1577.14 3.6497424
1576.43 3.670342
1575.71 3.8984056
1575.71 3.7479765
1572.85 3.7585745
1572.13 3.9645638
1571.41 4.0014253
1571.41 3.6273375
1570.7 3.8769026
1567.83 3.7376919
1567.83 4.0376053
1567.12 3.9385235
1567.12 3.8049843
1562.82 3.824916
1562.1 3.9545684
1562.1 3.9248939
1562.1 4.041785
1561.39 4.102345
1555.65 3.9683495
1555.65 3.9117882
1554.94 4.0328426
1554.22 3.9588802
1553.5 3.6265466
1553.5 4.089372
1553.5 4.007294
1552.79 4.0252604
1552.79 3.9826093
1552.07 3.987744
1550.64 3.8450742
1550.64 3.892245
1550.64 3.9648066
1549.92 4.033484
1546.33 3.9767919
1546.33 3.981604
1545.62 4.061483
1543.47 3.767644
1539.18 3.8630815
1539.18 3.9027781
1538.46 3.8942757
1538.46 3.9509442
1537.74 3.9757302
1537.02 3.9469478
1537.02 3.9536202
1536.3 3.8131185
1536.3 3.9473548
1534.87 3.941865
1534.15 3.7766168
1534.15 3.5545413
1533.43 3.8408213
1533.43 3.6405048
1533.43 3.8430784
1532.71 3.8899832
1531.99 3.9554424
1531.27 3.7827435
1531.27 3.9192944
1530.56 3.8069992
1529.84 3.8653905
1526.96 3.7233307
1526.96 3.8829021
1526.24 3.820995
1526.24 3.716789
1525.53 3.953629
1523.37 3.7430754
1522.65 3.8433194
1521.93 3.8563986
1521.93 3.906934
1521.21 3.778749
1519.06 3.8986106
1514.03 3.8575194
1513.31 3.944188
1512.59 3.9497726
1512.59 3.8837771
1511.87 4.0284863
1511.87 4.059962
1511.15 4.0769353
1511.15 3.472121
1510.43 3.4659135
1510.43 3.99677
1509.72 3.87432
1509.0 3.7909245
1509.0 3.8431644
1508.28 3.8244483
1508.28 3.6792665
1507.56 3.6489153
1501.81 3.7897582
1501.81 3.7980363
1501.09 3.6079369
1501.09 3.8556764
1500.37 3.7107785
1499.65 3.760014
1498.93 3.9687958
1498.22 3.8545818
1497.5 4.011007
1497.5 3.827187
1496.78 3.9132788
1493.9 3.800662
1493.9 3.8384814
1493.18 3.7473643
1492.46 3.6765745
1492.47 3.9554942
1491.75 3.957549
1488.15 3.652885
1487.43 3.9916615
1487.43 3.2554376
1485.28 3.9221017
1484.56 3.9837124
1484.56 3.887016
1483.84 3.6526046
1480.97 4.006602
1480.25 3.5669081
1479.53 3.894803
1479.53 3.8761475
1474.5 3.573146
1473.78 3.9925776
1473.06 3.938427
1472.34 3.9961362
1471.63 3.7549655
1470.91 3.8351324
1470.91 3.7303214
1469.47 3.7054372
1469.47 3.743989
1468.75 3.7689052
1468.75 3.7048006
1468.03 3.879157
1467.32 3.7516103
1467.32 3.8484979
1466.6 3.8800557
1462.29 3.7399316
1461.57 3.912067
1461.57 3.7355103
1460.85 3.808648
1460.13 3.8582103
1459.41 3.512425
1458.7 3.7698078
1457.98 3.743789
1457.26 3.8430622
1457.26 3.9142988
1456.54 3.7307718
1456.54 3.838289
1455.82 3.8337908
1455.83 3.9481506
1455.11 3.8109984
1455.11 3.8599648
1454.39 3.8694134
1453.67 3.7748692
1452.95 3.6970162
1452.24 3.8492806
1451.52 3.5072405
1451.52 3.730351
1451.52 3.9095757
1450.8 3.4041822
1450.08 3.8530567
1450.08 3.8816319
1450.08 3.9778547
1449.36 3.970641
1449.36 3.8870666
1448.65 3.952821
1448.65 3.8716288
1447.93 3.9574068
1447.93 3.878713
1447.21 3.965052
1446.49 3.834558
1446.49 3.9306357
1445.78 3.9608305
1445.78 3.8748538
1445.78 3.8691826
1445.06 3.5069118
1445.06 3.9639654
1444.34 3.9427776
1443.62 3.1940465
1443.62 3.8166301
1443.62 4.010513
1442.91 3.993036
1442.91 3.9073694
1442.19 3.8414924
1441.47 3.7139192
1441.47 3.7144566
1441.47 4.1030927
1440.75 3.860959
1440.75 3.9603932
1440.75 3.9990609
1440.04 3.8623583
1440.04 3.969557
1439.32 3.8261144
1438.6 3.9870594
1437.88 3.8407578
1437.17 3.6997397
1436.45 3.8506005
1436.45 4.0275483
1435.73 3.8829749
1435.73 4.033379
1433.58 3.7871125
1432.86 4.12201
1432.86 3.9041252
1432.15 3.886896
1431.43 3.8987207
1431.43 4.0137544
1431.43 3.8673918
1429.99 3.9713743
1429.28 3.9396963
1429.28 3.8751206
1428.56 3.60421
1427.84 4.0092635
1427.84 4.0180445
1427.13 3.9395323
1423.54 4.057794
1422.83 3.8414142
1422.83 3.8596275
1422.11 3.7018754
1412.08 4.0517154
1411.36 3.4850376
1410.65 3.9535794
1410.65 3.7406895
1409.93 3.8064086
1409.93 3.7012265
1409.21 3.655147
1407.07 3.8172672
1406.35 3.6188023
1406.35 3.7516224
1405.63 3.8755186
1405.63 3.8179076
1404.92 3.8634422
1403.49 3.570182
1402.77 3.796198
1402.77 3.7891543
1402.06 3.8923237
1402.06 3.6889489
1402.05 3.5197904
1401.34 3.8508232
1400.62 3.6450853
1400.62 3.6974666
1400.62 3.7398908
1399.91 3.6848674
1398.48 3.785689
1398.48 3.7850707
1397.74 3.9496574
1397.03 3.9099457
1396.31 3.609015
1396.31 3.936902
1395.6 3.878428
1394.89 3.6965096
1394.17 3.7239294
1394.17 3.9031403
1393.46 3.9727376
1392.74 4.038365
1392.74 3.9894292
1392.03 3.6686254
1392.03 3.925514
1391.32 3.8221579
1390.6 3.8413217
1390.6 3.7953355
1390.6 3.8896158
1389.89 3.5991554
1389.17 3.7298837
1388.46 3.700479
1388.46 3.9443705
1387.75 3.7781646
1387.75 3.6744344
1387.75 3.8726366
1387.75 3.6408763
1387.03 3.708663
1386.32 3.8336208
1386.32 3.6132724
1384.89 3.782603
1384.89 3.8858306
1384.18 4.0110216
1382.75 3.8953245
1382.75 3.8992634
1382.04 3.846971
1382.04 3.8015075
1381.33 3.8716729
1379.18 3.8126552
1379.18 3.4893386
1379.18 3.7786539
1379.18 3.7439117
1378.47 3.8140059
1378.47 3.7323675
1378.47 3.822317
1377.76 3.7152562
1377.76 3.746224
1377.76 3.7764804
1377.76 3.9270797
1377.04 3.7872097
1377.04 3.83851
1376.33 3.9367297
1376.33 3.790293
1375.62 3.6081612
1375.62 3.7550964
1374.9 3.5612636
1374.91 4.066634
1374.19 3.7923775
1374.19 3.7068305
1373.48 3.5802157
1373.48 3.7682757
1372.77 3.8372905
1372.77 3.8388975
1372.05 3.786501
1372.05 3.8542724
1372.05 3.766475
1372.05 3.7878857
1371.34 3.756289
1371.34 3.6967986
1370.63 3.8285954
1370.63 3.8478706
1369.91 3.8614154
1369.2 3.537046
1369.2 3.8087285
1368.49 4.0170035
1368.49 3.9056268
1367.77 3.8413289
1367.06 3.980607
1367.06 3.9078064
1367.06 3.8467782
1366.35 3.3326821
1365.64 3.7686934
1364.92 3.9290404
1364.21 3.9475076
1364.21 3.67401
1363.5 3.702098
1363.5 3.7078743
1362.78 3.8387954
1362.78 3.8996487
1362.07 3.8715508
1362.07 3.752818
1361.36 3.5937545
1359.93 3.554744
1359.22 3.9875772
1359.22 3.7899132
1358.51 4.0159035
1357.8 3.9145608
1357.79 3.6301248
1357.08 3.925148
1357.08 3.9256437
1356.37 3.805525
1355.66 3.9866617
1354.95 4.0632267
1354.95 3.7857947
1354.95 4.016567
1354.23 4.2074757
1354.23 3.7899714
1354.23 3.8547335
1353.52 3.964676
1352.81 4.0264964
1352.1 3.9775972
1352.1 3.9755192
1351.38 4.083359
1350.67 3.949366
1349.96 3.7790062
1349.96 4.0287085
1348.53 4.075609
1347.82 3.7669327
1347.82 3.9772854
1347.82 3.8853915
1346.4 4.0093713
1346.4 4.016524
1345.68 3.8782187
1345.68 3.8696182
1343.55 3.7212257
1342.83 3.9178731
1342.83 3.6134193
1342.12 3.9000242
1342.12 3.73196
1341.41 3.70326
1340.7 3.6544766
1339.98 3.921324
1339.98 3.8808153
1339.27 3.7884655
1338.56 3.732286
1337.85 3.8906827
1337.85 3.8257904
1337.14 3.7313108
1337.14 3.8851528
1337.14 3.829353
1336.42 3.8982356
1335.71 3.8851724
1335.71 3.973727
1335.71 3.8375597
1334.29 3.9195912
1334.29 3.7319708
1333.57 3.790393
1332.15 3.5103009
1331.44 3.8624616
1331.44 3.5569773
1331.44 3.7887092
1330.01 3.774081
1329.3 3.7387323
1329.3 4.0562477
1329.3 3.908522
1328.59 3.344237
1328.59 3.9256783
1327.88 3.8475347
1327.16 3.7030723
1322.89 3.9679513
1322.18 3.7820592
1322.18 3.8958273
1322.18 3.9081166
1319.33 3.9495602
1318.62 3.972623
1318.62 3.8316205
1317.91 3.651291
1317.91 3.9161997
1317.2 3.8694932
1317.19 3.6852405
1317.2 4.0075083
1313.64 3.9948058
1312.92 3.9023867
1312.92 3.9811497
1312.92 3.804935
1302.95 3.8055084
1302.95 3.935563
1302.24 3.870608
1299.39 3.6901147
1295.12 3.9262116
1295.12 3.9306386
1295.12 3.630922
1294.41 4.1341844
1294.4 3.7790143
1293.69 3.810076
1292.98 3.7437596
1292.98 3.833424
1292.27 3.5859134
1287.28 3.7968917
1286.57 3.7343311
1286.57 3.8210497
1286.57 3.9769301
1285.86 3.9908283
1285.14 3.5465832
1285.14 3.6968267
1284.43 4.0057507
1284.43 3.837205
1283.72 3.7491841
1283.72 3.8745027
1281.58 3.8854935
1280.87 3.9720912
1280.16 3.9334865
1280.16 3.798922
1274.45 3.929509
1273.74 3.93329
1269.46 3.9653277
1257.34 3.7546008
1253.07 4.0247335
1253.07 3.9817233
1252.36 3.8452444
1250.93 3.8447335
1250.22 3.886761
1250.22 3.9539165
1241.64 4.1078744
1240.93 3.9649603
1240.93 3.953829
1239.5 3.9491847
1238.78 3.890844
1238.78 3.9087644
1238.07 4.022073
1238.07 3.788026
1234.49 3.9344711
1234.49 3.9058492
1233.78 4.150704
1233.78 3.962915
1233.06 3.846722
1232.35 3.5696168
1232.35 3.8982604
1231.63 3.9493282
1230.92 3.892545
1230.2 3.8727305
1229.49 3.8904674
1229.49 3.8394196
1228.77 3.8117855
1228.06 3.6870663
1228.06 4.0734544
1224.48 3.8590348
1224.48 3.994845
1224.48 3.5407207
1223.76 4.026163
1223.76 3.8803275
1223.05 3.9778519
1222.33 3.9072602
1222.33 3.9438853
1220.9 3.936122
1220.9 3.904989
1220.19 3.7652562
1219.47 3.8571799
1219.47 3.9625719
1218.76 4.005029
1218.76 3.772413
1210.17 3.71408
1210.17 4.069023
1209.46 4.0714655
1208.74 3.6770964
1208.74 3.744034
1208.74 3.7151325
1208.02 3.7133029
1207.31 3.9325356
1206.59 4.0934615
1206.59 3.9886508
1205.88 3.781824
1205.88 3.8379593
1205.16 3.6946058
1204.45 4.0301504
1204.45 4.0504065
1203.73 4.073546
1203.01 3.956091
1202.3 3.8788204
1202.3 3.6780376
1201.58 3.9407187
1201.58 3.917094
1200.87 4.048373
1200.87 3.5294685
1200.15 4.1405435
1200.15 3.939867
1200.15 3.820254
1199.43 3.4924371
1199.43 3.5673583
1199.44 4.003413
1198.72 3.8099122
1198.72 3.6252255
1196.57 3.7344992
1196.57 3.7085853
1195.86 3.9890945
1191.56 3.9326935
1191.56 3.6986465
1190.84 3.7302847
1190.13 3.5792978
1190.13 3.6719542
1189.41 3.7579365
1189.41 3.7363434
1188.7 3.7036235
1188.7 3.6460516
1187.98 3.779563
1187.98 3.7750583
1187.26 3.874563
1186.55 3.6852753
1186.55 3.7777708
1186.55 3.8502421
1185.83 3.9539936
1185.12 3.9001513
1184.4 3.800447
1184.4 3.748952
1183.68 3.8960764
1183.68 3.8799381
1182.97 3.8750453
1179.39 3.861191
1178.67 3.847237
1178.67 3.9256065
1177.95 4.0099764
1177.24 4.079135
1176.52 3.899328
1175.81 4.0467215
1175.81 4.0102663
1173.66 3.9971333
1172.94 3.9133525
1172.94 3.9178572
1172.22 4.028191
1171.51 3.8928256
1171.51 4.1027484
1171.51 3.8652062
1170.79 4.0319247
1170.08 4.032338
1170.08 3.933071
1170.08 4.056362
1169.36 3.804777
1168.64 3.6534736
1167.93 4.080177
1167.93 3.694304
1167.21 3.7711968
1166.49 3.7877967
1166.5 3.9845052
1166.5 4.0557413
1166.49 3.840841
1165.78 3.98649
1165.06 3.916017
1164.35 3.9190762
1164.35 3.9347548
1163.63 4.0226564
1163.63 3.6470938
1163.63 3.9624143
1162.91 4.004281
1161.48 3.9561257
1161.48 4.0006523
1160.76 3.9226902
1160.05 3.7543232
1160.05 3.8700202
1159.33 3.7292037
1159.33 3.9259467
1158.62 3.9083545
1157.9 3.9569597
1157.9 3.7762318
1157.18 3.814241
1157.18 3.7678058
1156.47 3.7923813
1156.47 3.6189482
1155.75 3.886646
1155.75 4.0080476
1155.75 3.9177644
1155.03 3.8208385
1155.03 3.8734884
1155.03 3.9246082
1155.03 3.8232346
1154.32 3.9146159
1153.6 3.5084965
1152.88 3.6472697
1152.89 3.9149497
1152.17 3.9562843
1151.45 3.8265636
1150.74 3.9591866
1150.74 3.8884404
1150.74 3.8196456
1150.02 3.8306897
1150.02 3.8682134
1150.02 3.9550676
1149.3 3.51674
1149.3 3.9827292
1149.3 3.9586453
1149.3 3.9315848
1148.59 3.9946423
1148.59 3.8659785
1148.59 3.8859365
1147.87 3.9895134
1146.44 3.5479305
1146.44 4.008996
1146.44 3.74873
1146.44 4.097912
1145.72 3.92391
1145.72 3.927588
1145.72 4.120141
1145.01 3.816444
1145.01 3.913345
1144.29 3.8705604
1144.29 3.9293814
1144.29 3.9497044
1143.57 4.0126147
1143.57 3.9540029
1142.86 3.896427
1142.86 3.670693
1142.14 3.9531634
1142.14 3.9578378
1142.14 4.0042706
1141.42 3.8725085
1141.42 3.9560566
1140.71 3.983469
1140.71 4.0164433
1139.28 3.8025239
1139.28 3.7803473
1138.56 3.691122
1138.56 3.960183
1137.84 3.8815913
1137.13 3.8384404
1137.13 4.029958
1137.13 3.9176245
1137.13 4.096109
1136.41 3.885226
1136.41 3.2811372
1133.55 3.8775263
1132.83 3.612142
1132.11 3.8870752
1131.4 4.0095325
1131.4 3.9981587
1130.68 3.8042731
1130.68 3.9590824
1129.96 3.969748
1128.53 4.0117636
1128.53 3.844321
1127.82 3.8898919
1127.1 3.616556
1127.1 3.9039257
1126.38 3.875698
1126.38 3.7385216
1125.67 4.082372
1123.52 4.006616
1123.52 3.7738366
1123.52 3.9032805
1122.8 3.8288167
1120.65 3.8227277
1120.65 3.795674
1119.94 3.9821641
1119.94 3.6409605
1119.94 3.786116
1119.22 3.898775
1118.51 3.7075503
1118.51 4.117367
1117.79 3.9264157
1117.79 3.9110508
1117.79 3.8322406
1117.07 3.8964012
1117.07 3.8274486
1117.07 3.982021
1117.07 3.7031178
1116.36 3.9650733
1116.36 3.9428856
1116.36 3.868371
1114.93 3.8595288
1114.21 3.8906324
1114.21 3.9786952
1114.21 3.8743882
1113.49 3.9135904
1113.49 3.9084675
1112.78 3.8751905
1112.78 3.889851
1112.78 3.7239666
1112.78 3.938494
1111.34 3.9237826
1111.34 3.7151015
1111.34 3.6234608
1110.63 3.858078
1110.63 3.9867973
1109.91 3.9506848
1109.91 4.073185
1109.19 3.8768647
1109.19 3.892315
1108.48 3.7407048
1108.48 3.799808
1108.48 3.950329
1108.48 3.9411604
1107.05 4.053354
1107.05 4.0187016
1107.05 3.8938332
1106.33 3.919125
1105.62 3.9801173
1104.9 3.8444126
1104.18 3.7114549
1104.18 3.7660112
1104.18 3.908747
1103.47 3.9775615
1103.47 3.7036636
1102.75 3.945449
1102.75 3.7593374
1102.75 4.0294695
1102.04 3.704392
1101.32 3.8192341
1101.32 3.8822582
1099.89 3.8857417
1099.89 3.5998836
1099.18 3.9073486
1098.46 4.021221
1098.46 4.003698
1098.46 3.8632898
1097.74 3.7543318
1097.03 3.78535
1097.03 3.9376366
1095.6 4.0152607
1094.88 3.6915405
1094.88 3.9344354
1094.17 3.8992953
1094.17 3.8544664
1091.31 3.7944124
1091.31 3.9402974
1091.31 3.779402
1089.16 3.623252
1089.16 3.8127387
1088.44 3.6862738
1088.44 3.951019
1087.73 3.8988707
1087.73 3.8207037
1087.01 3.9510522
1086.3 3.9195623
1086.3 3.641083
1086.3 3.5722659
1085.58 3.8437717
1084.87 4.047155
1084.87 3.8904645
1084.15 3.3043785
1084.15 3.872266
1084.15 3.5528371
1083.44 3.6523893
1083.44 3.734058
1082.72 3.7675884
1082.72 3.6296616
1082.01 3.696311
1082.01 3.8975492
1081.29 3.685087
1080.58 3.7380397
1079.86 3.9157956
1079.86 3.753139
1079.15 3.8583732
1079.15 3.7523658
1076.28 3.7266824
1075.57 3.8784819
1075.57 3.7567813
1075.57 3.8162906
1074.85 3.6684108
1074.85 3.757932
1074.14 3.5715675
1074.14 3.686843
1074.14 3.8058772
1071.99 3.8641613
1071.28 3.415056
1070.56 3.937765
1069.85 3.7602997
1069.85 3.83553
1069.85 3.8982968
1069.13 3.9394863
1069.13 3.7119908
1068.42 3.9421346
1068.42 3.8697815
1067.7 3.9192402
1066.99 3.856962
1066.99 3.9089363
1066.99 3.5370078
1066.27 3.7620041
1065.56 3.8170016
1065.56 3.8068275
1063.41 3.6332998
1062.7 3.672299
1062.7 3.7398474
1060.55 3.8590565
1059.84 3.801123
1059.84 3.9050744
1059.84 3.8285637
1059.12 3.722065
1059.13 3.8231473
1058.41 3.7790458
1056.27 3.883852
1056.27 3.8571758
1055.55 3.9697447
1055.55 3.834906
1055.55 3.228589
1054.84 3.7967825
1054.84 3.779295
1054.12 3.7349746
1054.12 3.9115696
1053.41 3.8481452
1053.41 3.8029563
1053.41 3.8115983
1053.41 3.9696057
1052.69 3.7370307
1052.69 3.79513
1052.69 3.771019
1051.98 3.7668705
1051.98 3.8959277
1049.83 3.9593663
1049.83 3.8512628
1049.83 3.7818587
1049.12 3.778208
1049.12 3.9843574
1049.12 3.8080323
1048.4 3.8201582
1047.69 3.7474558
1046.97 3.617879
1046.97 3.8138845
1046.97 3.8169155
1046.26 3.916437
1045.55 3.874658
1045.55 3.8951917
1044.83 3.7750475
1044.83 3.8162935
1044.83 3.9645817
1044.12 3.9593828
1044.12 3.8186994
1044.12 3.8222919
1044.12 3.8519986
1043.4 3.658249
1043.4 3.872158
1042.69 3.7350864
1042.69 3.7514527
1041.97 4.083674
1039.83 4.155987
1039.83 3.8360963
1039.83 3.8572018
1039.11 3.8853283
1039.11 3.6658206
1039.11 3.8795018
1038.4 3.926637
1037.68 3.9029531
1037.69 3.951463
1036.26 3.9625273
1036.26 3.8704038
1035.54 3.93613
1032.68 4.131011
1031.97 4.2003374
1031.97 3.6750696
1031.97 4.15315
1031.26 4.096934
1031.26 4.075167
1031.25 3.8243754
1030.54 4.130103
1030.54 4.0752516
1029.11 4.0503273
1028.4 3.962859
1028.4 3.971183
1026.97 4.0503044
1026.97 4.010399
1026.97 3.948072
1026.97 3.9087007
1026.25 3.8288603
1026.25 3.7662187
1026.25 3.742369
1026.25 3.9965835
1025.54 3.9954774
1024.83 4.1000514
1024.83 4.0817413
1024.11 4.059113
1023.4 3.957882
1023.4 3.961713
1023.4 3.9878097
1022.68 4.058929
1022.68 3.9553156
1021.97 4.0487123
1021.97 3.6546667
1021.25 3.9321406
1020.54 3.5166662
1019.83 4.0269194
1019.83 3.8728275
1019.11 3.7768528
1019.11 4.127941
1019.11 3.996372
1018.4 4.025473
1017.68 3.586809
1017.68 4.2022405
1017.68 4.21177
1016.97 4.052755
1016.97 3.9332476
1016.25 4.052619
1016.25 4.094007
1016.25 3.9439254
1015.54 4.0013437
1015.54 4.210786
1014.11 4.162727
1014.11 3.5596094
1013.4 4.0880265
1012.68 4.028806
1010.54 4.131755
1010.54 3.9089534
1010.54 4.040638
1009.83 3.9854815
1009.83 3.5640302
1009.83 4.0627737
1009.11 3.9877198
1008.4 3.8700092
1007.68 3.9458323
1007.68 4.131369
1006.26 3.7211986
1006.25 3.5283535
1005.54 3.7591686
1005.54 3.6066406
1005.54 4.0453057
1004.11 3.9141161
1004.11 3.855397
1003.4 3.9475713
1003.4 3.9335973
1003.4 3.849475
1003.4 3.7014441
1002.69 4.005815
1002.69 3.9709666
1001.97 3.71158
1001.97 3.9499068
1001.97 3.879282
1001.26 3.7132456
1000.54 3.8470776
1000.54 3.7991164
999.83 3.919631
999.83 3.9286
999.11 3.3678887
999.12 3.7450392
998.4 3.9240532
998.4 4.1399727
997.69 3.5610092
996.97 3.9036136
996.97 4.0046935
996.97 3.6902184
996.26 3.8606234
996.26 3.7514443
995.55 3.800988
994.83 3.7168617
994.83 3.8360543
994.83 3.6928284
994.83 3.8251424
994.12 3.8035595
993.4 3.916735
993.4 3.7683272
993.4 3.8739145
992.69 3.8006606
992.69 3.8509703
991.97 3.6915472
991.26 3.7996514
991.26 3.8198223
990.55 3.8113947
990.55 3.8587484
989.83 3.73698
989.83 3.8657675
989.83 3.8866065
989.83 3.8076568
989.12 3.7890034
989.12 3.7057385
989.12 3.6144145
988.4 3.485072
987.69 3.7271783
987.69 3.77856
987.69 3.7473345
986.98 3.9407675
986.26 3.7862306
985.55 3.7140672
985.55 3.681698
984.84 3.8524067
983.41 3.6694376
983.41 3.926551
982.69 3.828144
982.69 3.7319705
981.98 3.8400605
981.27 4.048273
981.27 3.445414
981.27 3.8624575
980.55 3.8801358
980.55 3.8769717
979.84 3.8338377
979.84 3.7725885
979.84 3.8757634
979.84 4.088038
979.12 3.4894764
979.12 3.8867471
979.12 3.9169688
978.41 3.9435384
978.41 3.8362718
977.7 4.0721035
977.7 3.9055295
976.98 3.966949
976.27 4.032316
976.27 3.8719862
975.56 3.9802113
975.56 3.9258404
975.56 3.9583495
974.84 4.2344174
974.84 3.7047384
974.13 3.787872
974.13 3.8198116
974.13 3.9550655
973.41 4.0146904
973.41 3.9379535
973.41 4.183376
972.7 4.034865
971.27 3.9148436
971.27 3.9330568
970.56 4.010935
970.56 4.0650063
969.84 4.034003
969.13 4.0450654
969.13 3.988064
968.41 4.04463
967.7 3.9702263
967.7 3.9564862
966.98 4.053631
966.98 3.792882
966.98 3.7768397
966.27 3.9708185
966.27 4.186593
965.56 3.9339046
965.56 3.9966493
964.84 3.927718
964.84 4.0012918
964.13 3.9814234
964.13 4.0067453
964.13 3.866478
964.13 4.014251
961.99 4.0570664
961.28 3.7965252
961.28 3.8934846
959.14 3.892264
958.42 3.73778
958.42 3.681551
957.71 3.9808784
957.71 3.8149776
957.0 3.8187313
957.0 4.024132
956.28 3.7250853
955.57 3.8983252
955.57 3.8307076
955.57 3.822679
954.86 4.0158257
954.86 3.9099767
954.86 3.9424117
954.14 3.9132614
954.14 3.8690422
953.43 3.8008645
953.43 3.8150609
953.43 3.8261447
952.71 3.8827722
952.71 3.778008
952.0 3.661823
952.0 4.0286336
952.0 4.072133
951.29 3.8744566
949.15 3.7799282
948.43 4.1105638
948.43 3.9772642
948.43 3.8352141
947.72 3.8236918
947.01 3.9773853
947.01 3.9478414
946.29 3.9198449
946.29 4.0698338
946.29 3.9789538
945.58 3.9386225
945.58 3.9444335
944.87 3.986037
944.87 3.8775976
944.15 3.771248
944.15 3.985425
944.15 3.962632
943.44 3.9356496
942.73 3.900622
942.01 3.875446
942.01 3.9851751
941.3 3.7826962
940.59 3.8451476
940.59 3.823507
939.87 3.9100578
939.87 3.900549
939.16 3.0588164
939.16 3.7858448
939.16 4.011197
939.16 3.8057923
938.44 3.9332254
938.44 3.944987
934.88 3.5580657
934.88 3.6186745
934.88 3.8900812
934.16 3.7994747
934.16 3.9090157
934.16 3.9095767
933.45 3.6248767
933.45 3.7637312
933.45 3.7699945
932.74 3.8539274
932.74 3.6701787
932.02 3.8796346
932.02 3.9281538
931.31 3.98164
931.31 3.7742121
930.59 3.9013915
930.59 3.8485725
930.59 3.8844063
929.88 3.7424257
929.88 3.880927
929.88 3.927582
929.88 3.932881
929.17 3.6027033
929.17 3.8560987
928.45 3.8319426
928.45 3.8525596
926.31 3.7485754
926.31 3.703887
926.31 3.8682976
925.6 3.8717322
925.6 3.8277204
924.89 3.748334
924.89 3.730836
924.17 3.9106772
924.17 3.9030354
923.46 3.6473343
922.74 3.9218676
922.74 3.7303112
922.03 4.030883
921.32 3.8658102
920.6 4.066055
919.89 4.0620446
919.18 4.0540085
918.46 3.9585757
918.46 3.9072177
917.75 3.7954721
917.03 3.8813305
916.32 3.8792078
916.32 3.836923
915.61 3.952833
915.61 3.9137928
914.89 3.8739424
914.18 3.8499396
913.46 3.8550358
912.75 3.8451474
912.04 3.9712915
912.04 4.0057654
912.04 3.8802855
911.32 3.872347
911.32 3.9327896
910.61 3.8508034
909.89 3.7943518
909.9 3.9385855
909.9 3.8637655
909.89 3.8290446
909.18 3.9146073
909.18 3.9979372
908.47 3.8280585
908.47 3.7425978
908.47 3.7227275
907.75 3.7646077
907.04 3.9808488
907.04 3.8908541
907.04 3.9326704
906.33 4.007674
905.61 3.7576911
905.61 3.934833
905.61 3.9211557
904.18 3.6889272
904.18 3.8869376
904.18 3.7612743
903.47 3.8663545
903.47 3.5228503
902.76 4.0729723
902.76 3.9439108
902.76 3.9063447
902.04 3.7934155
902.04 3.7735403
902.04 3.937536
902.04 3.8997889
901.33 3.9247985
901.33 3.8432033
900.61 3.7951603
900.61 3.9236417
900.61 3.8495684
899.9 3.8515854
899.9 3.8183496
899.18 3.8681788
899.19 4.1427474
899.18 3.9688892
898.47 3.8841689
898.47 3.8767762
897.76 3.8509126
897.76 3.9610012
897.04 3.977591
896.33 3.922571
896.33 3.9572177
895.61 3.9459765
894.9 3.943121
894.9 3.9236226
894.18 3.7060168
894.19 3.9587207
893.47 3.7830293
893.47 3.8974824
892.76 3.8681135
892.04 3.950554
892.04 3.9327507
892.04 3.803825
891.33 3.9609678
891.33 4.019654
890.61 4.0299387
890.61 3.8978298
888.47 4.0715384
887.76 3.8961532
887.04 4.0776973
887.04 4.025343
887.04 3.943874
886.33 3.7763252
885.61 3.9622874
885.61 3.8997054
885.61 3.9258533
885.61 3.5559788
884.9 4.0223217
884.9 4.0466604
884.9 3.941857
884.18 3.9312384
884.18 3.8230066
884.18 3.923478
883.47 3.9077458
882.75 3.9076195
882.75 3.9888165
882.76 4.10259
882.04 3.9478471
882.04 3.6843503
882.04 3.88635
881.33 3.8847227
881.33 3.7894776
880.61 3.860035
880.61 3.9739494
880.61 3.7452364
879.9 3.5570552
879.18 3.8258877
879.18 3.7675467
879.18 4.0333166
878.47 3.9849815
878.47 3.9826806
877.75 3.876329
877.75 3.7979312
877.04 4.0046515
877.04 4.0023494
876.32 3.8951242
876.32 3.973513
875.61 3.882666
875.61 3.7846801
874.89 3.5987496
874.89 3.6166277
872.75 3.7811165
872.03 3.572842
871.32 3.751528
871.32 3.9188988
871.32 3.8010404
870.6 3.6704526
870.61 3.9293454
869.89 3.7068877
869.18 3.908785
868.46 3.7669876
868.46 3.8731012
867.75 3.8374221
867.75 3.8159835
867.03 3.865683
867.03 3.8721144
867.03 3.8019512
866.32 3.7448318
865.6 3.756119
865.6 3.8751745
864.89 3.7272308
864.89 3.9991486
864.17 3.7355437
863.46 3.8127942
863.46 3.803931
862.74 3.8451555
862.74 3.7056909
862.03 3.9806771
862.03 3.735692
859.88 3.9518645
859.16 3.408717
859.17 3.9281878
859.17 4.018226
859.17 3.7958453
858.45 3.827207
858.45 3.8957834
858.45 3.8219862
858.45 3.9204454
857.74 3.8372927
857.74 3.8961165
857.74 3.912523
857.02 3.9643905
857.02 3.858513
857.02 4.0618362
856.31 3.9024854
856.31 3.9256606
856.31 3.9113126
855.59 3.7719948
855.59 3.747162
855.59 3.8845963
854.87 3.8840113
854.87 3.938708
854.16 3.8847704
854.16 3.8113656
854.16 3.899729
854.16 3.8148108
853.44 3.9867053
853.44 3.884619
853.44 3.7168906
853.44 3.8539064
852.73 3.9452972
852.01 3.7137923
852.01 3.684862
852.01 4.0096126
851.3 3.9444528
851.3 3.8129864
850.58 3.7878551
850.58 3.9515707
850.58 3.7925951
850.58 3.812119
849.87 3.8557072
849.87 3.9074063
849.15 3.913865
849.15 3.9319508
848.44 3.8561716
848.44 3.947468
847.72 3.927391
847.72 3.8734686
847.01 3.8986459
847.01 4.038496
847.0 3.241422
846.29 3.85367
845.58 3.8028035
845.58 3.9251766
845.58 3.989639
845.58 3.8156357
844.86 4.01917
844.14 3.9007843
844.14 3.849719
844.14 3.9046462
844.14 3.7600462
843.43 3.8572817
843.43 3.6815774
841.28 3.6528897
841.28 3.7962248
841.28 3.8894675
840.57 3.8811202
839.85 3.8598964
839.85 3.9789026
839.14 3.9729903
839.14 3.9641502
839.14 3.846059
838.42 3.7709754
838.42 3.9510388
838.42 3.9042962
837.7 4.032763
836.99 3.8927515
836.27 3.8348017
836.27 3.709253
835.56 3.8302622
834.84 3.7764685
834.84 3.6145499
834.13 3.9525342
834.13 3.9006646
833.41 4.0553637
833.41 3.9623947
833.41 4.0246434
832.69 3.8615177
831.98 3.9543912
831.98 3.8416345
831.26 3.8921716
830.55 4.0625343
830.55 3.9954827
829.83 3.8470037
829.83 4.1028347
829.11 3.9747746
829.11 3.9897544
829.11 3.986024
828.4 3.994231
828.4 3.9981463
827.68 3.814449
827.68 3.5298555
826.97 3.7751617
826.97 3.924149
826.97 3.9689698
825.55 4.02109
825.55 3.9678948
825.55 3.8754685
825.55 4.0573645
824.83 4.0215116
824.83 3.9350202
824.11 3.8502417
823.4 3.9394615
822.68 3.815005
821.96 3.8962119
821.96 3.9551592
821.96 3.9193418
821.25 3.888775
821.25 3.9521866
821.25 3.8775053
820.53 4.0385404
820.53 3.9220881
820.53 3.997176
819.81 3.7734113
819.81 3.9834096
819.81 3.839638
819.1 3.9608648
819.1 3.9801514
818.38 3.9285357
818.38 3.9362803
818.38 3.8248665
817.66 3.9793348
817.66 3.9262872
816.94 3.4815006
816.94 3.9514046
816.94 3.9641192
816.94 4.0033903
816.23 3.9367688
816.23 3.9634447
816.23 4.0326414
816.23 4.068447
815.51 3.5141523
815.51 3.8803139
814.79 3.8892741
814.79 3.7399838
814.07 3.3242888
814.08 4.039108
813.36 3.9396684
813.36 3.870789
813.36 3.8431385
813.36 3.7143779
812.64 3.9355845
812.64 3.8765306
812.64 3.949235
811.92 3.9048626
811.21 3.8047514
810.49 3.7784624
810.49 3.9637372
809.77 3.9484293
809.77 3.8758285
809.06 4.000756
809.06 3.794088
809.06 3.9098403
808.34 3.8207355
808.34 3.9282022
807.62 3.9875088
806.91 3.920899
806.91 3.970528
806.19 4.05851
806.19 4.014657
806.19 3.8561213
805.47 4.0538535
805.47 3.8617668
805.47 3.3318167
805.47 3.912953
805.47 3.978004
804.75 3.9780166
804.04 3.8916948
804.04 3.9899733
803.32 3.9697516
803.32 4.0362706
803.32 3.7946923
803.32 4.067422
802.6 3.9786828
801.88 4.0199275
801.17 4.0266356
801.17 3.9379048
799.73 3.8563833
799.02 3.9691327
799.02 3.8417027
798.3 3.9561744
798.3 3.8490274
797.58 3.6726747
797.58 3.9770122
797.58 4.107739
796.86 4.007696
796.86 3.942931
796.15 3.881511
796.15 3.9534957
796.15 4.0084004
795.43 3.9736538
794.71 3.8396108
793.99 3.9599009
793.99 4.0547924
793.28 4.2652717
792.56 3.9752867
792.56 3.8154233
791.84 3.9338865
791.84 3.918111
791.13 3.9210017
791.13 3.919968
791.13 3.9287384
790.41 3.5886564
790.41 3.921971
789.69 4.076827
788.97 3.793913
788.97 3.725583
788.97 3.7674656
788.26 3.8279152
788.26 3.8629384
787.54 3.99153
786.82 3.9527895
786.82 3.810124
786.1 3.9365299
785.39 3.8867047
784.67 3.9177291
783.95 4.0144434
783.95 3.982454
783.95 3.9223552
783.23 3.8428397
783.23 3.9823089
783.23 3.843558
783.23 3.8510625
782.52 3.7617826
782.52 3.9828947
781.8 3.6962357
781.08 3.8878336
781.08 3.9981573
780.36 3.892416
780.37 4.00331
779.65 3.9411657
778.93 4.0607905
778.93 3.9666882
778.21 3.7958348
778.21 3.8250573
778.21 3.847534
776.78 3.9529974
776.78 3.7876072
776.06 3.8819778
775.34 3.949266
775.34 3.9906542
774.63 3.8520036
773.91 3.8592625
773.19 3.8944929
773.19 3.8732405
773.19 3.761413
772.47 3.7682195
772.47 3.9955175
771.76 3.940149
771.76 3.8835037
771.04 3.9170237
768.89 3.9043705
768.89 3.9041076
768.17 4.0683513
768.17 3.6328955
767.45 4.0351124
767.45 4.002568
766.74 3.996162
766.74 4.1400275
766.02 4.002073
766.02 3.9430637
765.3 3.968395
765.3 4.1492753
764.58 3.8646498
763.87 3.970569
763.87 3.823696
763.15 3.9608712
762.43 4.032544
761.71 3.9617994
761.71 3.9078598
761.71 3.9429414
761.0 4.0174637
761.0 4.038702
760.28 3.9824705
760.28 4.0672894
760.28 3.7078717
759.56 3.9455519
758.85 3.9467957
758.85 4.054463
758.13 3.957221
756.69 3.8885787
756.69 4.027846
755.98 4.0298595
755.26 3.9560885
754.54 3.9872773
754.54 3.937986
754.54 3.8446467
753.82 3.9717317
753.82 3.6962473
753.11 3.6446686
753.11 3.9373088
753.11 3.8893244
751.67 3.8865874
751.67 4.0229707
751.67 3.7475982
750.96 3.584528
750.96 4.0983233
750.96 3.8190935
750.96 4.0081496
750.24 4.0204816
750.24 3.4998522
750.24 3.9623985
749.52 3.6739619
749.52 3.9259195
748.81 4.0189
748.8 3.8298373
748.8 3.9692426
748.81 4.0893807
748.09 3.8770823
748.09 4.0075383
748.09 4.033985
747.37 4.0502596
746.65 3.975342
746.65 3.9695294
745.94 3.9608927
745.94 4.0139523
745.94 4.000798
745.22 3.8813338
745.22 4.075144
744.5 3.57372
744.5 3.9949021
743.79 4.1073713
743.07 4.0069556
743.07 3.7907617
743.07 3.84344
742.35 3.7296143
741.63 3.963741
741.63 3.9302804
740.92 4.1900687
740.2 4.0307956
740.2 3.8755238
740.2 3.8839161
739.48 3.8169942
739.48 4.0177774
738.77 3.98068
738.05 3.952813
738.05 4.0900927
738.05 3.9366362
737.33 3.872211
737.33 3.8907082
736.62 4.104509
734.47 3.8965054
734.47 3.846211
734.47 3.779979
733.75 3.7119825
733.75 4.1209087
733.03 4.2262783
733.03 4.000653
732.32 4.040931
731.6 3.907724
731.6 4.154527
730.88 3.955729
730.88 4.0001287
729.45 4.0608773
729.45 4.0045
728.73 4.036513
728.02 4.0381136
728.01 3.7090025
727.3 4.01162
727.3 4.0154343
727.3 4.0572586
726.58 4.0149355
725.87 4.074856
725.87 3.6990728
725.87 3.8596127
725.15 4.066585
725.15 4.084468
724.43 4.0838656
723.72 3.9771209
723.72 3.9545405
723.72 3.8003948
723.0 4.0601416
722.28 4.1905026
722.28 3.8608477
722.28 4.0698633
721.57 3.9779387
720.85 4.0028095
720.85 3.857773
720.13 3.9633794
720.13 3.991844
719.42 3.9654257
719.42 4.0372243
718.7 3.8759358
717.98 3.950582
717.27 3.9557803
717.27 3.9561093
716.55 3.9103935
715.84 3.8401759
715.12 3.8628178
715.12 3.9194741
714.4 3.8034053
714.4 3.8335705
714.4 3.9270918
713.69 3.9344203
713.69 3.774143
713.69 3.9470236
712.97 4.0964293
712.97 3.8559315
712.97 3.7393708
712.25 3.7412016
712.25 3.9705827
711.54 3.8760533
711.54 3.9755213
711.54 4.1239233
711.54 3.7682846
710.82 3.9444609
710.82 3.8251166
710.11 3.990482
710.1 3.2972026
709.39 3.9917872
709.39 3.4506369
709.39 3.8612118
708.67 3.902696
708.67 3.8419724
707.24 4.0188613
707.24 3.9104707
707.24 3.920875
707.24 3.855036
706.53 3.9771218
705.81 3.874981
705.81 3.795737
705.81 3.7882977
705.09 4.0196366
705.09 3.8359814
704.38 3.382608
704.38 3.997234
704.38 3.9142609
704.38 3.8202107
703.66 4.0271735
703.66 3.8737173
703.66 3.882846
702.94 3.4542623
702.23 3.9824774
701.51 3.6460726
701.51 3.8407023
700.8 3.8104866
700.08 3.837126
699.37 3.790341
699.37 3.920676
699.37 3.9290004
698.65 3.7881773
698.65 4.1766763
697.93 3.8518429
697.93 3.855834
697.93 3.7442384
697.93 3.6620655
697.22 3.9162858
697.22 3.8496838
697.22 3.884463
696.5 3.685195
696.5 3.9935539
696.5 3.8879907
696.5 3.95656
695.79 3.905503
695.79 3.8803291
695.79 3.8331501
695.79 3.6616745
695.07 3.8379493
695.07 3.96776
693.64 3.985905
693.64 3.7994046
692.93 3.7487125
692.92 3.5497
692.93 3.796989
692.21 3.7420223
692.21 3.686779
691.49 3.8022668
691.49 3.6756692
690.78 3.9558287
690.78 3.6430318
690.06 3.8171215
690.06 3.7419534
689.35 3.853412
688.63 3.5746195
688.63 3.9078784
688.63 3.787757
687.92 3.6314542
687.92 3.7014139
687.92 3.7527857
687.2 3.8032632
687.2 3.7579684
686.49 3.7436023
686.49 3.8269897
686.49 3.7204509
686.49 3.5855036
685.77 3.824523
685.77 3.2790737
684.34 3.5586996
684.34 3.9105449
683.63 3.6546578
683.63 3.9351878
682.9 3.743516
682.9 3.763484
682.18 3.7960691
682.18 3.9257708
681.47 3.903212
681.47 3.873753
681.47 3.9069777
680.75 3.714058
680.75 3.7740154
680.04 3.756877
680.04 3.8421082
680.04 3.8068738
679.32 3.8066835
679.32 3.8193488
679.32 3.8380122
678.61 3.8494878
677.9 3.9656124
677.9 3.5234075
677.9 3.8348985
677.18 3.7921062
677.18 3.8917713
677.18 3.8653803
676.47 3.8342404
676.47 3.9274516
675.75 3.9060497
675.04 3.9698777
675.04 3.5944486
675.04 3.8859348
674.33 3.6776857
673.61 3.639659
673.61 3.8502426
673.61 3.785028
672.9 3.8864875
672.9 3.7869053
672.18 3.8474073
672.19 3.9688425
672.18 3.8187604
672.18 3.894063
671.47 3.753757
671.47 3.9754577
670.76 3.6704278
670.04 3.8290052
670.04 3.8644786
670.04 3.8298407
669.33 3.7984385
669.33 3.805861
669.33 3.8794422
668.62 3.8019094
667.9 3.9520893
667.19 3.954188
667.19 3.8706443
666.47 3.8151836
665.76 3.639847
665.76 3.7025914
665.05 3.7811103
665.05 3.888628
665.05 3.375901
664.33 3.675176
664.33 3.7403605
663.62 3.8799202
662.91 3.816328
662.19 3.717926
662.19 3.684348
662.19 3.9396307
661.48 3.769065
661.48 3.6569533
660.77 3.9104433
660.77 4.1602073
660.77 3.9118032
660.77 3.9335306
660.05 3.8298225
660.05 3.8676238
660.05 3.8450894
659.34 3.8300884
659.34 3.9380043
658.63 3.8385086
658.63 3.7848928
657.91 3.882399
657.2 3.9982853
657.2 3.9310374
657.2 3.8238993
656.49 3.9372375
656.49 3.9002337
656.49 3.8738873
655.77 4.094951
655.77 3.8876028
655.77 3.8206954
655.77 3.6862833
655.06 3.8416412
655.06 3.8998919
655.06 3.67918
654.35 3.7958114
653.63 3.759246
653.63 3.887629
653.63 3.8821802
653.63 3.8540418
652.92 3.823024
652.92 3.993752
652.92 3.846796
652.21 4.011632
652.21 3.951642
651.49 3.8552535
651.49 3.9213462
650.78 4.1258183
650.78 3.8838356
650.07 3.831645
650.07 4.019254
650.07 4.160075
649.35 3.895935
649.35 3.9658594
649.35 4.084097
648.64 3.855915
648.64 3.9362838
648.64 3.8590639
647.92 3.2068133
647.93 3.9263945
647.21 3.797859
647.21 3.877372
647.21 3.9710853
647.21 3.876709
646.5 3.988942
646.5 3.720647
646.5 3.8616245
645.79 3.7721238
644.36 3.9989903
644.36 3.8413224
643.65 3.8985965
643.65 3.3486528
643.65 4.1197095
643.65 3.9577653
642.93 3.8205533
642.93 3.9324102
642.93 4.032853
642.22 3.934541
642.22 3.8226273
642.22 4.033293
641.51 4.067564
641.51 4.0744324
641.51 3.9670599
641.51 3.897432
640.8 4.104532
640.8 4.043464
640.08 3.9129214
640.08 3.8858678
639.37 3.6929197
639.37 3.9707012
638.66 4.0053105
638.66 3.8686159
638.66 3.8601434
637.94 3.9105134
637.94 3.8967564
637.94 4.0447288
637.23 3.8920505
637.23 3.9320357
636.52 3.9282904
635.8 3.7665884
635.09 4.024192
635.09 3.4455874
635.09 3.9314682
634.38 3.9954967
634.38 4.053371
633.67 4.012736
633.67 3.913152
632.95 4.0744076
632.95 3.7750766
632.24 3.9635437
631.53 3.8616707
630.81 3.917546
630.1 3.9397304
630.1 3.9074433
630.1 3.908502
629.39 4.034582
629.39 3.8716953
628.68 3.85368
628.68 3.8618975
627.96 3.8660955
627.96 3.8589926
627.25 3.7908947
627.25 3.7629647
626.54 3.9380066
626.54 3.8558614
625.82 3.799809
625.82 3.8473215
625.11 3.8333812
625.11 4.0109425
625.11 3.789237
624.4 4.1346765
624.4 3.8330398
624.4 3.8243468
623.69 3.758231
622.97 3.8158932
622.97 3.8451965
622.26 3.8037722
622.26 3.906251
621.55 4.0147147
621.55 3.9516656
620.83 3.9604278
620.12 3.8576562
620.12 3.7727087
619.41 3.633698
619.41 3.6375399
619.41 3.9890199
618.7 3.9489615
618.7 3.8065963
617.98 3.8950424
617.98 4.098004
617.27 3.8474047
617.27 3.858574
616.56 3.7952936
616.56 3.854117
615.85 3.8710651
615.85 3.8439937
615.85 4.040666
615.13 3.5755627
615.13 3.7479103
614.42 3.9769664
613.71 3.8151362
613.71 3.896534
612.99 3.7435467
612.99 3.9078877
612.28 3.8058012
612.28 3.8673127
611.57 3.5360284
611.57 3.8300095
611.57 3.952267
610.86 3.8103707
610.86 3.8898923
609.43 4.0568347
609.43 3.918071
608.72 3.8158484
608.01 3.7186515
608.01 4.085889
608.01 3.921447
608.01 3.9089236
607.29 3.9021156
607.29 3.866095
606.58 3.8163404
606.58 3.838754
605.87 3.5361588
605.87 3.5633824
605.15 3.7443836
605.15 3.7882187
604.44 3.7984195
604.44 3.874229
603.73 3.8777273
603.73 3.7135093
603.73 3.8463151
603.02 3.819781
603.02 3.6698623
602.3 3.9243321
602.3 3.8157191
601.59 3.9128315
601.59 3.9177063
600.88 3.8481138
600.17 3.8502564
600.17 3.8729818
600.17 3.8550699
599.45 3.9536216
599.45 3.8723562
599.45 3.766238
598.74 3.875718
598.03 3.7462854
598.03 3.9588358
598.03 3.942414
596.6 3.8745754
596.6 3.9059875
596.6 3.768462
595.89 3.1627202
595.89 3.8300405
595.89 3.801071
595.18 3.6539981
594.46 3.7852044
594.46 3.8134904
594.46 3.6763034
594.46 3.5328496
593.75 3.7486668
593.04 3.4222212
593.04 3.8861785
593.04 3.7196534
592.33 3.7647817
592.33 3.8148992
591.61 3.6526315
591.61 3.7278228
590.9 3.670796
590.19 3.8762906
589.48 3.86627
588.76 3.8624704
588.76 3.7260349
588.05 3.82311
587.34 3.8458998
586.62 3.666588
586.63 3.8145688
586.62 3.6960251
585.91 3.9349985
585.91 3.8106942
585.91 4.161719
585.2 3.668813
585.2 3.7592916
585.2 3.7086754
584.49 3.8314462
584.49 3.7428188
583.77 3.6778493
583.77 3.732213
583.77 3.780811
583.06 3.7639315
582.35 3.738239
582.35 3.783146
581.64 3.6010418
581.64 3.7067986
581.64 3.625739
580.92 3.7073946
580.92 3.6488087
580.21 3.725299
580.21 3.7815309
579.5 3.998688
579.5 3.7939887
579.5 3.8197093
578.78 3.764121
578.78 3.66111
578.79 3.9114304
578.07 3.7034597
578.07 3.7683513
577.36 3.8719225
577.36 3.757947
577.36 3.7929823
576.65 3.6356819
576.65 3.9124603
575.93 3.8517606
575.93 3.9930103
575.93 3.7738893
575.93 3.5761845
575.22 3.9298582
575.22 3.8555908
575.22 3.8669477
574.51 3.9327397
574.51 3.6774948
574.51 4.0416217
573.8 3.8384292
573.8 3.825597
573.8 3.809126
573.08 3.7398112
573.08 3.8069043
573.08 3.69191
572.37 3.865847
572.37 3.7593024
572.37 3.900145
571.66 3.8686457
570.94 3.7911487
570.94 3.8268857
570.23 3.8725936
570.23 3.92021
569.52 3.6900644
569.52 3.991463
568.81 3.9020011
568.81 3.990675
568.8 3.7868044
568.09 3.9824717
568.09 4.040759
567.38 3.7237782
566.67 3.9452837
566.67 3.992887
566.67 3.8512478
565.95 3.8707452
565.95 3.7865183
565.95 3.9068348
565.24 3.845842
565.24 3.92226
565.24 4.0131216
565.24 3.8039854
564.53 3.92025
564.53 3.8103862
564.53 3.8953261
563.81 3.7526858
563.81 3.9814482
563.81 3.9278324
563.1 3.904459
563.1 3.8080366
563.1 3.840977
562.39 3.9283235
562.39 3.9935687
561.68 3.9013653
561.68 3.809066
561.68 3.9566925
560.96 3.951438
560.25 3.848213
559.54 3.6590014
558.82 3.877405
558.11 3.784879
557.4 3.9791832
556.68 3.9239557
555.97 3.8301926
555.97 3.948191
555.97 3.8644903
555.97 3.4490592
555.26 3.960717
555.26 3.920209
555.26 3.981259
554.54 3.9767754
553.83 4.083824
553.83 3.836455
553.12 3.9689727
552.41 4.137107
552.41 3.978786
551.69 3.8757002
551.69 4.056262
550.98 3.9783647
550.27 3.8622327
550.27 3.9092207
549.55 3.6910317
549.55 3.6742804
548.84 3.876763
548.13 3.857726
548.13 3.9799137
547.41 3.9342237
546.7 4.0277486
545.99 3.9442348
545.99 3.9944737
545.99 3.7233813
545.27 3.850829
544.56 3.9889588
544.56 3.9693246
544.56 3.9180062
544.56 3.3033412
543.85 4.0562983
543.13 4.036048
543.13 3.8756044
542.42 3.9604697
541.71 3.9871154
541.71 3.9634519
541.71 3.8697536
540.99 3.874008
540.99 3.1720376
540.99 4.0112977
540.29 3.9430742
540.29 4.08429
539.58 4.0262938
539.58 3.9101598
539.58 3.875231
539.58 3.929693
537.43 3.9916708
536.72 3.8861814
536.72 3.929284
536.72 3.7648425
536.0 3.9266942
536.0 3.6874797
536.0 3.9232068
535.29 3.7791111
535.29 3.9751172
535.29 3.8643863
534.58 3.6705215
534.58 3.9945436
533.86 4.073955
533.86 4.03397
533.15 3.9543478
533.15 3.9169123
532.43 3.918116
532.43 3.7854722
532.43 3.8929284
531.72 3.988114
531.0 3.9757273
531.0 3.8791974
531.0 3.8045766
530.29 3.9667072
529.58 4.1018677
528.86 4.019434
528.86 4.052575
528.15 4.033908
528.15 3.872908
528.15 3.9200954
527.43 3.98375
527.43 3.9802847
527.43 4.059225
526.72 3.9779615
526.72 4.0323296
526.72 3.786734
526.0 3.8808796
526.0 4.027913
525.29 4.0416846
525.29 3.7949862
524.57 4.0365977
524.58 4.1874514
523.86 3.8953893
523.86 4.035462
523.86 3.8881176
523.14 3.8415716
522.43 3.8049679
522.43 3.9925048
521.72 3.7134376
521.72 3.9038126
521.72 4.060072
521.72 3.956905
521.0 4.022005
520.29 3.7029395
519.57 4.0053024
519.57 3.8181348
519.57 3.892854
519.57 3.9002688
518.86 3.8655074
518.86 3.7856839
518.86 3.8689065
518.86 4.1357865
518.14 3.9687393
517.43 3.7044005
517.43 3.8425493
517.43 3.6138575
516.71 3.9285848
516.71 4.033541
516.71 3.5628967
516.71 3.7312737
516.71 3.9703517
516.0 3.9298475
516.0 3.8392255
516.0 3.694343
516.0 4.0859504
515.28 3.6615016
515.28 3.8259773
515.28 3.8207548
514.57 3.9189017
514.57 3.6409814
514.57 3.8241324
513.85 3.9020088
513.85 3.6712124
513.85 3.782916
513.86 4.1144495
513.14 3.6594255
513.14 3.7485447
513.14 3.9156468
512.43 3.8141737
511.71 3.903563
511.71 3.6735022
511.71 3.898609
511.0 3.839402
511.0 4.0299406
510.28 3.735249
510.28 3.7016618
509.57 3.830994
508.14 3.7572718
508.14 3.755552
508.14 3.7752488
507.42 3.8099258
506.71 3.7717595
506.71 3.7039568
506.71 3.8283703
505.99 3.7753747
505.99 3.8324745
505.28 3.91637
505.28 3.6977115
505.28 3.2092817
504.56 3.8096073
504.56 3.7763999
503.85 3.9075742
503.13 3.7336507
503.13 3.707204
502.42 3.8460152
502.42 3.7779522
502.42 3.9428103
501.7 3.928137
501.7 3.7689517
501.7 3.9152448
500.99 3.8262537
500.99 3.5204444
500.99 3.8305078
500.27 3.9640815
499.56 3.9209807
499.56 3.663147
499.56 3.8622546
498.84 3.5652614
498.13 3.8264604
498.13 3.833598
497.41 3.8259597
496.7 3.7834022
496.7 3.835534
495.98 3.6440485
495.98 3.7089858
495.27 3.7148228
495.27 3.8980794
495.27 3.7147198
494.55 3.7275174
493.84 3.7920895
493.84 3.6492386
493.12 3.8880181
493.12 3.796952
493.12 3.9020493
493.12 3.786863
492.41 3.8337457
492.41 3.8580322
491.69 3.9195204
491.69 3.9065492
491.69 3.8859909
491.69 3.8329566
490.98 3.8990238
490.98 3.8319201
490.98 3.7220562
490.26 3.9550834
490.26 3.823683
489.55 3.766226
489.55 3.7986932
489.55 3.7988808
488.83 3.9390078
488.83 4.002951
488.83 3.9250643
488.12 3.803655
488.12 3.9402847
488.12 3.9258282
488.12 3.994668
487.4 3.717995
487.4 3.9105196
487.4 3.8939042
487.4 3.6456451
486.69 3.8156416
486.69 3.8794136
485.97 3.807419
485.97 3.8797717
485.26 3.8048368
485.26 3.9213266
485.26 3.65108
484.54 3.941166
484.54 3.754057
484.54 3.8409178
484.54 3.7543852
483.83 3.8351357
483.83 4.1030626
483.11 3.7946143
483.11 3.9807215
482.39 3.8004193
481.68 3.9703696
481.68 3.8737795
481.68 4.072887
481.68 3.7681737
480.96 3.9596186
480.96 3.753595
480.96 3.9102404
480.25 3.733654
479.53 3.966226
479.53 4.0252123
478.82 3.8364093
478.82 3.906984
478.82 3.851066
478.82 3.7637644
478.1 3.8172178
478.1 3.7991881
477.39 3.9097865
476.67 3.6300743
476.67 4.009996
475.96 3.9692843
475.96 3.7168071
475.24 3.7904694
475.24 3.9181883
475.24 3.7404585
475.24 3.8650331
474.53 3.7502882
474.53 3.8717232
474.53 3.7838864
474.53 3.7902808
473.81 3.8073986
473.81 3.752299
473.1 3.8609352
471.66 3.189863
471.67 3.8535326
471.67 3.7481537
470.95 3.9950507
470.95 3.9715035
470.95 4.047301
470.24 3.7290432
470.24 3.8142745
470.24 3.7371411
469.52 3.8600292
469.52 3.8560667
469.52 3.9172182
468.81 4.005578
468.8 3.787825
468.09 3.8296437
468.09 3.7578459
467.37 3.8876498
465.94 3.9753363
465.94 4.063792
465.23 3.5027838
465.23 4.0916204
464.51 4.1225543
464.51 4.1249256
463.8 3.9439995
463.8 3.8087966
463.8 3.9752672
463.08 4.0446
463.08 3.9536717
462.37 4.0734134
462.37 3.918008
461.65 3.9935303
460.94 3.7913692
460.94 3.8679628
460.94 4.070656
460.22 3.8302343
460.22 3.9377842
460.22 3.9074316
459.51 4.074838
459.51 3.939089
459.51 3.9342766
458.79 4.0595803
458.79 4.0290613
458.08 4.030212
458.08 3.976562
458.08 4.1688876
458.08 4.051868
457.36 4.128904
457.36 4.0291505
457.36 4.0375423
456.64 4.0206823
455.93 3.9437535
455.93 3.982071
455.93 4.004834
455.93 3.9089742
454.5 4.050492
454.5 4.0000243
454.5 3.859148
454.5 3.9745314
453.78 3.9598753
453.78 3.9627454
453.07 3.9124293
453.07 4.065727
452.35 3.7907689
452.35 4.0105767
451.64 3.9837072
451.64 4.0225654
450.92 3.9112315
450.92 4.0182896
450.21 3.869702
450.21 4.076147
449.49 3.9490898
449.49 3.8960447
449.49 3.9513214
449.49 4.195704
448.78 4.1353693
448.78 4.0606093
448.06 3.942718
448.06 3.8937833
448.06 4.1044455
447.34 3.7497258
447.34 3.899026
446.63 3.909142
445.91 3.9623227
445.91 4.095542
445.2 3.9660087
445.2 3.9494746
445.2 4.113681
445.2 4.0455317
443.77 3.983226
443.77 3.9609642
443.77 4.0445766
443.77 4.045594
442.34 4.1667595
442.34 3.8288615
441.62 4.050423
441.62 3.8718927
441.62 4.0450387
440.19 3.8737383
440.19 3.970304
440.19 3.9353275
439.47 3.8122282
437.33 4.011092
437.33 3.8443043
437.33 3.8806374
435.18 3.6956334
434.47 3.8962991
433.75 4.149733
433.75 3.8612804
433.04 3.9722235
433.04 3.831618
433.04 4.1150312
433.04 4.1023374
432.32 4.1878185
432.32 3.9549425
431.6 3.7010362
431.61 3.8970845
430.89 3.7978406
430.17 3.9687614
430.17 3.8521051
429.46 3.879692
429.46 4.0635567
429.46 3.811219
429.46 3.7804313
428.74 3.9048383
428.03 3.9822984
428.03 3.9039106
427.31 3.9279819
427.31 3.6180773
426.6 3.7346132
426.6 3.899348
426.6 3.6119628
425.88 3.8235142
425.88 3.8988273
425.17 3.7011876
424.45 3.7195723
424.45 3.64053
424.45 3.7927527
423.02 3.6604655
423.02 3.6913748
423.02 3.840107
422.31 3.886979
422.31 3.833934
422.31 3.826606
421.59 3.7456148
420.87 3.6812212
420.87 3.5934236
420.16 3.8341353
420.16 3.9176655
419.44 3.8087988
418.73 3.6395838
418.73 3.766137
418.73 3.369997
418.01 3.62896
418.01 3.8423972
417.3 3.7900546
417.3 3.8272629
417.3 3.510191
417.3 3.8619485
416.58 3.7411969
416.58 3.7837377
416.58 3.9109719
415.87 3.8080044
415.15 3.67571
415.15 3.59169
413.72 3.809932
413.72 3.904352
413.72 3.8497734
413.01 3.7741287
413.01 3.705697
413.01 3.8285115
412.29 3.7106287
412.29 3.906628
412.29 3.7201278
411.58 3.9952288
411.58 3.8266754
411.58 3.735396
410.86 3.6534243
410.15 3.8274298
410.15 3.6889992
409.43 3.7171614
409.43 3.9332669
409.43 4.020305
409.43 3.6986365
408.71 3.4528015
408.71 3.4630167
408.0 3.730956
408.0 3.8129442
408.0 3.8041365
408.0 3.8368337
407.28 3.8715794
407.28 3.7594678
407.28 3.5503316
406.57 3.7360206
406.57 3.9831626
406.57 3.385294
405.85 3.752334
405.85 3.7222774
405.85 3.874374
405.85 3.7540858
405.14 3.8103433
405.14 3.8735876
404.42 3.8524628
404.42 3.7896435
403.71 3.8376904
403.71 3.763982
403.71 3.7861342
403.71 3.9276576
402.99 3.8784018
402.99 3.8581486
402.99 3.9850354
402.28 4.0174093
402.28 3.9444613
401.56 3.9032383
401.56 3.9389334
400.85 3.9700422
400.85 3.876736
400.13 3.5512238
400.13 4.0148296
399.42 4.004716
399.42 3.9586504
399.42 4.1102066
398.7 3.9713128
398.7 4.008975
398.7 3.5019739
398.7 3.9837384
397.99 3.9730718
397.99 3.647139
397.27 3.8043892
397.27 3.8133872
397.27 3.8387349
396.55 3.7556999
396.55 3.899933
396.55 3.903073
395.84 3.9234955
395.84 3.8646011
395.84 4.1113257
395.12 3.944322
395.12 3.8126884
395.12 3.9117413
395.12 3.9502933
394.41 3.8138797
394.41 3.9874685
394.41 3.872393
393.69 4.0297394
393.69 3.937761
393.69 3.9277494
393.69 3.9095953
392.98 3.7302418
392.26 4.0763564
392.26 4.1073213
391.55 3.8029814
391.55 3.7482789
391.55 4.1049747
390.83 4.066875
390.83 3.9590898
390.83 3.7913516
390.12 3.943259
390.12 4.013957
390.12 4.011087
389.41 3.915231
389.41 4.015455
389.41 3.96581
388.69 3.865518
388.69 4.0203743
387.98 4.064078
387.98 3.852148
387.26 3.8634765
387.26 4.0854764
387.26 4.0566874
386.55 4.033329
386.55 3.9974961
386.55 4.043679
386.55 3.9709277
385.83 3.9646697
385.83 3.9405537
385.83 4.041358
385.12 4.0186996
385.12 3.9332113
385.12 3.9858017
385.12 4.0132895
384.4 4.081335
384.4 3.9262843
384.4 3.9342349
383.69 3.8775985
383.69 3.9349296
383.69 3.9685135
382.97 4.0027194
382.97 4.0107512
382.26 3.9930632
381.54 3.9060383
381.54 3.9208453
381.54 3.9962585
381.54 4.021739
380.83 4.246815
380.83 4.1373653
380.83 3.951697
380.83 3.9750333
380.12 4.059001
380.11 3.5402374
380.12 3.9506855
379.4 4.048405
377.26 4.0368853
377.26 4.038464
376.54 3.9642568
376.54 4.1004205
376.54 4.0228257
376.54 4.042031
375.83 4.0048785
375.83 4.0617127
375.11 3.9697177
375.11 4.042019
374.4 3.9334915
373.68 3.868835
373.68 4.0023766
373.68 3.515772
372.97 3.8754008
372.97 3.9310172
372.26 4.0600033
371.54 3.974323
370.83 4.025296
370.83 4.0474725
370.11 4.1410704
370.11 4.0231056
370.11 3.9915957
369.4 3.857602
369.4 3.8716593
367.97 3.9029992
367.97 3.868215
367.97 4.128908
367.25 4.0345435
367.25 3.3392668
366.54 3.9669101
364.4 4.0000944
363.68 3.9369886
363.68 3.888303
362.97 3.9884508
362.97 3.8047955
361.54 3.6779034
361.54 3.8192623
360.82 3.577753
360.11 3.644348
359.4 3.8315365
359.4 3.7263305
359.4 3.8099434
358.68 3.7191155
358.68 3.905701
357.97 3.6711006
357.97 4.087422
357.97 3.6761458
357.97 3.6970294
357.25 3.8218853
357.25 3.8177967
356.54 3.6551847
356.54 3.730058
355.82 3.727771
355.82 3.5706155
355.11 3.2134824
355.11 3.773935
355.11 3.7922895
354.4 3.6887455
354.4 3.6928766
354.39 2.800247
354.4 3.838726
353.68 3.7701333
353.68 3.7855647
353.68 3.7607174
352.97 3.787223
352.97 3.654087
352.25 3.5665169
352.25 3.8129375
352.25 4.015708
351.54 3.731904
351.54 3.6829693
351.54 3.720773
350.82 3.7168262
350.83 4.039997
350.82 3.7959702
350.11 3.7462165
350.11 3.6887357
350.11 3.338891
350.11 3.7949252
349.4 3.8300915
349.4 3.7690413
349.4 3.825667
348.68 3.7678962
348.68 3.831865
347.97 3.7115939
347.97 3.6707807
347.25 3.6864572
347.25 3.712178
347.25 3.9294915
346.54 3.8303778
345.82 3.807763
345.82 3.6509016
345.82 3.7064629
345.11 3.705618
345.11 3.816598
345.11 3.78404
344.4 3.8354461
344.4 3.807932
343.68 3.8199153
343.68 3.844735
342.97 3.4183214
342.97 3.866075
342.97 3.9174469
342.97 3.7230608
342.25 3.869802
342.25 3.6947439
342.25 3.8859127
341.54 3.713363
341.54 3.8021126
341.54 3.839084
340.83 3.779096
340.83 3.8207138
340.11 3.8367243
339.4 3.895775
338.68 3.6328216
338.68 3.9101763
337.97 3.8321416
337.97 3.8603444
337.97 3.682595
337.25 3.846152
337.25 3.9313276
337.25 3.7045116
336.54 3.9218879
335.83 3.7405815
335.83 3.6893978
335.11 3.739765
335.11 3.9839268
335.11 3.8413548
335.11 3.8645303
333.68 3.6639462
333.68 3.7450323
333.68 3.7241244
333.68 3.8918417
332.97 3.7052498
332.97 3.776047
332.97 3.7568803
332.26 3.884299
331.54 3.757533
331.54 3.8245847
330.83 3.901931
330.83 3.6564004
330.83 3.929971
330.83 4.002349
330.11 3.9346142
330.11 3.825159
330.11 3.8918242
330.11 4.0199337
329.4 3.7190533
329.4 3.8286572
329.4 3.9895687
329.4 3.744227
328.69 3.763128
328.69 3.7920804
327.97 3.510097
327.97 3.6134908
327.26 3.6999211
327.26 3.7857897
327.26 3.9285662
327.26 3.9149952
326.54 3.9652004
326.54 3.8285074
326.54 3.8604264
325.83 3.8799908
325.83 3.852854
325.83 3.8163705
325.12 4.119548
325.12 3.8452542
324.4 3.8019557
323.69 3.8232846
323.69 3.772738
323.69 3.7140524
323.69 3.6083455
322.97 3.8756857
322.26 3.7377226
322.26 3.6547494
322.26 3.869893
321.54 3.8373747
321.54 3.7254608
321.55 3.9300098
321.54 3.8170831
320.83 3.932811
320.12 3.7960358
319.4 3.8864307
319.4 3.6373496
319.4 3.8369162
318.69 3.7671971
318.69 3.8973897
318.69 3.807072
317.97 3.7016938
317.97 3.6559603
317.98 3.925909
317.26 3.8630655
316.55 3.429227
316.55 3.73924
315.83 3.8237185
315.12 3.9869628
315.12 3.819628
314.41 3.9422023
314.4 3.579591
313.69 3.7605212
313.69 3.698814
313.69 3.9104965
312.98 3.792
312.98 3.7637627
312.98 3.8519576
312.26 3.8470228
312.26 3.8502355
312.26 3.821773
312.26 3.6899662
311.55 3.7913277
311.55 3.798157
311.55 3.8989537
310.83 3.770803
310.83 3.8651369
310.12 3.761054
310.12 3.8707829
310.12 3.7273788
309.41 3.7859588
308.69 3.8211741
308.69 3.8432083
307.98 3.8293395
307.98 3.669117
307.26 3.8621707
307.26 3.7987685
307.26 3.8141863
307.26 3.8286963
306.55 3.8935328
306.55 4.0006022
306.55 3.87934
305.84 3.899534
305.84 3.7698455
305.84 3.7629044
305.12 3.7483368
305.12 3.7793164
305.12 3.855004
304.41 3.6433458
304.41 3.8680391
304.41 3.9034808
303.7 3.9939399
303.7 3.7839122
303.7 3.8442852
302.98 3.6636221
302.98 3.7779827
302.98 3.735768
302.27 3.8737042
302.27 3.894251
302.27 3.8195894
301.55 3.9099593
301.55 3.6187506
301.55 3.896222
300.84 3.689036
300.84 3.8315759
300.13 3.8750958
300.13 3.9421825
300.13 3.9064662
299.41 3.6596887
299.41 3.7294998
298.7 4.0141582
298.7 3.819895
298.7 3.9621787
298.7 3.8941615
297.98 3.9372683
297.98 3.8935475
297.27 3.8413503
297.27 3.960092
297.27 3.8943634
296.56 3.843035
296.56 3.8106625
296.56 3.7666807
295.84 3.9317427
295.84 3.8317287
295.84 3.7583506
295.84 3.9423518
295.13 3.8477993
294.41 4.1154532
294.41 3.8444445
294.41 3.824983
293.7 3.7738245
293.7 3.9629426
293.7 3.8390737
292.99 3.9310434
292.99 3.7623684
292.99 3.7728972
292.27 3.7779334
292.27 3.9194775
291.56 3.841693
291.56 3.7797313
291.56 3.73044
291.56 3.9286423
290.84 3.7518103
290.84 3.8010266
290.84 3.8059008
290.84 3.9645135
290.13 3.8421042
290.13 3.8057528
289.42 3.8254352
289.41 3.0447195
289.42 3.7486928
288.7 3.774802
288.7 4.0221667
288.7 3.935353
287.99 3.834771
287.99 3.8388524
287.99 3.42766
287.99 3.701981
287.28 3.857601
287.28 3.8342664
286.56 3.866129
286.56 3.9047084
286.56 3.923183
285.85 3.8123205
285.85 3.8962789
285.13 3.8588912
285.13 3.9164631
285.13 3.7428503
284.42 3.9605079
284.42 3.9278605
284.42 3.8813357
283.71 3.8989115
283.71 3.9416795
282.28 3.9786055
282.28 3.8861792
282.28 4.008533
281.56 3.8590732
281.56 3.7353034
280.85 3.9104571
280.14 3.815034
279.42 4.0529017
279.42 3.7419853
278.71 4.0547395
278.71 3.6108649
278.71 3.888418
278.71 3.8251193
277.99 3.8203914
278.0 4.0183454
277.28 4.0198483
277.28 3.9369695
277.28 3.8870347
276.57 3.7399964
276.57 3.7647328
275.85 3.5891461
275.85 4.0098763
275.14 3.777446
275.14 3.8291376
275.14 4.00453
275.14 3.7376328
274.43 3.9306355
274.43 3.9727862
273.71 3.7920923
273.71 3.8312254
273.0 3.942201
273.0 3.7470713
273.0 3.8520272
272.28 3.9236836
272.28 3.832043
272.28 3.8648233
272.28 3.8683105
271.57 3.8655
271.57 3.9128537
271.57 4.0528836
271.57 3.7779741
270.86 3.9527602
270.86 3.7399032
270.86 4.111506
270.14 3.7305143
270.14 3.903028
270.14 3.7343574
269.43 3.8807147
269.43 3.6817853
269.43 3.9296985
269.43 3.837871
268.71 3.8411822
268.71 3.8654578
268.71 3.846242
266.57 3.7877538
265.86 3.9530375
265.86 3.6146815
265.86 3.973635
265.14 3.8071568
265.14 3.5554132
264.43 3.9951837
264.43 3.8635058
264.43 3.5921404
264.43 3.9299386
263.72 3.907376
263.72 3.638383
263.72 3.8448746
263.0 3.9147243
263.0 3.8725855
263.0 3.9239573
262.29 3.7912114
262.29 3.8649375
262.29 3.9077811
262.29 3.819749
261.57 3.7420208
261.57 3.7941117
261.57 3.8064163
261.57 3.744596
260.86 3.7325835
260.86 3.8668654
260.86 3.8336298
260.86 3.745174
260.15 3.8386037
260.15 3.8477898
260.15 3.763582
260.15 3.9964519
259.43 3.7732058
258.72 3.8183427
258.72 3.8482783
258.72 3.8037093
258.72 3.7324739
258.0 3.7902606
258.01 3.8455145
258.0 3.5450106
257.29 3.7417607
257.29 3.7074704
257.29 3.7750185
256.58 3.9734352
256.58 3.6133718
256.58 3.7292728
256.58 3.8578913
255.86 3.8102863
255.86 4.012995
255.86 3.7125025
255.86 3.559692
255.15 3.8675144
255.15 3.8726516
255.15 3.8890588
255.15 3.6708975
254.44 3.8730433
254.44 3.6937969
254.44 3.7948763
254.44 3.9281058
253.72 3.836239
253.72 3.5081854
253.01 3.8074355
252.29 3.706202
252.29 3.7161734
252.29 4.00452
251.58 3.813974
251.58 4.032247
250.87 3.9025898
250.15 3.7503211
250.15 3.8729062
249.44 3.9914324
248.72 3.8069253
248.01 4.004075
247.3 3.9709284
246.58 4.02618
246.58 3.904806
246.58 3.1978164
245.87 4.1694603
245.87 4.057489
245.87 3.9888985
245.15 3.9773285
245.16 4.0787845
244.44 4.043404
244.44 3.8425796
244.44 3.8941317
243.73 3.9487503
243.01 3.7929642
243.01 3.9391584
242.3 3.930011
242.3 3.9159923
242.3 4.0342298
242.3 3.77778
241.58 4.014454
241.58 3.9539495
241.58 3.9415052
240.87 3.9751356
240.16 4.0039845
239.44 3.9054232
239.44 4.191751
239.44 4.1109657
238.73 3.8879292
238.73 3.9535482
238.73 4.1720233
238.01 3.9219844
237.3 4.0714006
237.3 3.8650584
237.3 3.9022772
237.3 4.012832
236.59 4.0800867
236.59 3.8689384
236.59 3.6637747
235.87 3.9285433
235.87 3.9509923
235.87 3.8676012
235.87 3.902716
235.16 3.915338
235.16 3.8528113
235.16 3.2902334
235.16 4.0257945
235.16 3.4869177
235.16 3.9436493
234.44 3.6225014
234.44 3.8663158
233.73 3.8455193
233.73 3.9399538
233.02 3.8430285
233.02 3.9529262
233.02 4.073967
233.02 3.7134533
232.3 3.767095
231.59 3.9647448
231.59 3.3636515
231.59 4.130893
230.87 3.914745
230.16 3.9368308
230.16 3.8918169
230.16 3.8107803
230.16 3.8858252
229.45 3.802202
228.73 3.8381867
228.73 3.843787
228.02 3.9233856
227.3 3.8917234
227.3 3.8362706
226.59 3.982297
226.59 3.8988461
226.59 3.7596307
225.88 3.7367692
225.16 3.6660056
225.16 3.9439003
225.16 3.67891
224.45 3.7178218
223.73 3.8282025
223.73 3.9068475
223.02 3.4923966
222.31 3.9083905
222.31 3.8308513
221.59 3.9318292
221.59 3.7486892
221.59 3.9021168
220.88 3.8642528
220.16 3.8960521
220.16 3.925015
219.45 3.820654
219.45 3.855046
219.45 3.9228816
218.74 3.868105
218.74 3.9020662
218.74 3.894673
218.02 3.9647298
218.02 3.503586
218.02 3.9247403
218.02 3.9323683
217.31 3.6724877
217.31 3.8432379
217.31 3.8577828
217.31 3.892562
216.59 3.980297
216.59 3.9247577
215.88 4.0489426
215.88 3.858215
215.16 3.9733222
215.16 3.8211167
215.16 3.9242272
215.16 3.9498012
214.45 3.8619223
214.45 3.8188088
214.45 3.8552432
213.74 3.837183
213.74 3.8346078
213.74 3.7761328
213.02 3.7526462
213.02 3.9656172
213.02 3.8471138
212.31 3.8848913
212.31 3.886599
212.31 3.8690758
212.31 3.9136102
211.59 3.9690664
211.59 3.961092
211.59 3.8889382
211.59 3.8282592
210.88 3.7440984
210.88 3.8534584
210.88 3.9417636
210.17 3.8537152
210.17 3.846093
209.45 3.8903077
209.45 4.1356263
209.45 4.014987
208.74 3.976165
208.02 3.895876
208.02 3.930103
208.02 3.806416
207.31 4.013078
206.59 3.9690151
206.59 3.7863812
205.88 3.5010154
205.88 4.0376205
205.17 3.8345284
205.17 3.865194
204.45 3.8102262
203.74 3.84237
203.74 3.8701255
203.02 3.967943
202.31 4.0048957
202.31 3.9238174
201.6 3.8723938
200.88 3.9867697
200.88 4.000365
199.45 3.9365084
199.45 3.9132905
198.74 4.0323052
198.74 3.4928286
198.74 3.8912249
198.02 4.1287866
198.02 3.9688709
198.02 3.9897099
197.31 4.1460934
197.31 3.9316862
197.31 3.6208425
196.6 4.017186
195.88 3.9079206
195.17 3.8831956
195.17 4.110256
195.17 3.877632
194.45 4.0739207
194.45 4.096501
193.74 4.0994387
193.02 4.054977
193.02 3.9924805
192.31 4.082255
192.31 3.9569893
190.88 4.095197
190.88 4.153896
190.88 3.9838748
190.17 3.7019694
190.17 4.0283995
189.45 3.9205904
189.45 3.8157184
188.74 3.9763675
188.74 3.969825
188.02 3.7728508
187.31 3.9416187
187.31 3.875508
187.31 3.9468768
187.31 3.9103246
186.59 3.5741954
185.88 3.8808715
185.88 3.960301
185.17 4.0504985
185.17 3.9956307
185.17 3.986823
184.45 3.98922
184.45 3.892117
184.45 4.006991
183.74 4.0704155
183.74 3.5098944
183.74 3.9803824
183.02 4.061168
183.02 3.6246095
183.02 4.060638
182.31 3.8551667
182.31 4.1221843
182.31 3.743326
181.59 3.9518764
180.88 3.9546137
180.88 4.003882
180.16 3.507903
180.17 3.8297853
180.17 3.7233443
180.17 3.9991
179.45 3.6583061
179.45 3.9610956
178.74 3.6644502
178.74 3.7825558
178.02 3.9913442
177.31 4.0765767
177.31 3.9295855
177.31 3.8609014
177.31 3.9214966
176.59 3.7587192
176.59 3.592696
176.59 3.6111932
175.88 3.8445556
175.88 3.7115035
175.17 3.9491212
175.16 3.7044594
174.45 3.647055
174.45 3.7699237
174.45 3.980622
173.74 3.8230348
173.74 3.8059254
173.02 3.7942514
173.02 3.7726107
172.31 3.64682
172.31 3.6988833
172.31 3.7251906
172.31 3.869202
171.59 3.771864
171.59 3.6514008
171.59 3.6069922
171.59 3.9090047
170.88 3.8263938
170.88 3.8038163
170.16 3.9512854
170.16 3.7107878
169.45 3.7798107
168.73 3.829523
168.73 3.6358764
168.73 3.793606
168.73 3.6757514
168.02 3.8327067
168.02 3.634081
168.02 3.6769893
168.02 3.8128757
168.02 3.2863002
167.3 3.502524
167.31 3.6833181
166.59 3.8097062
165.88 3.7677765
165.88 3.8144362
165.88 3.7924948
165.16 3.7933354
165.16 3.8909097
165.16 3.6714168
165.16 3.854197
164.45 3.8869724
164.45 3.5061848
164.45 3.968831
163.73 3.8628302
163.73 3.809375
163.02 3.7818952
162.3 3.6898825
162.3 3.7552109
162.3 3.8824227
161.59 3.8480978
160.88 3.998559
160.87 3.8613718
160.87 3.7551703
160.87 3.8045237
160.16 3.708924
160.16 3.8318527
160.16 3.709899
160.16 3.8093414
159.45 3.8497925
159.45 3.8153183
158.73 3.7651036
158.73 3.8251712
158.73 3.8286276
158.02 3.8982656
158.02 3.8146064
158.02 3.817308
157.3 3.8938105
157.3 3.862734
157.3 3.7777946
156.59 3.8277192
156.59 3.5141988
155.87 3.8244207
155.87 3.7689679
155.87 3.8066056
155.16 3.9139252
155.16 3.8242836
155.16 4.1848845
154.44 3.5965688
154.44 4.001097
154.44 3.9538023
153.73 3.8734636
153.73 3.809768
153.73 3.885012
153.01 3.7726564
153.01 3.8956776
153.01 3.942729
152.3 3.877748
151.59 3.860253
151.59 3.8692834
150.87 3.9716718
150.87 3.806822
150.16 3.879301
150.16 3.8443172
150.16 3.7675805
150.16 3.8604279
148.73 3.7592492
148.73 3.9321177
148.73 3.7901282
148.01 3.6554122
148.01 4.0665092
148.01 3.8875945
147.3 3.907997
147.3 3.8675888
147.3 3.9470189
146.58 3.7373626
146.58 3.7311313
146.58 3.4936066
146.58 3.9535935
146.58 3.8220263
145.87 3.876204
145.15 3.8773122
145.15 3.8922946
145.15 3.8716917
145.15 4.0323625
144.44 4.004768
144.44 3.875203
143.72 3.7931771
143.72 3.8889017
143.72 3.753232
143.01 3.6006355
143.01 3.8217487
142.29 3.8450737
142.29 3.864514
142.29 3.729541
141.58 3.8861918
141.58 3.9956295
141.58 3.9062066
140.86 3.7977033
140.86 3.754207
140.87 3.8984601
140.15 3.7459753
140.15 3.933091
139.44 3.9019122
139.44 3.9328783
139.44 3.7956283
138.72 3.5777802
138.72 3.7839289
138.72 3.921615
138.01 3.7841358
138.01 4.025375
138.01 3.8558674
137.29 3.8810222
137.29 3.7183657
136.58 3.9041696
136.58 3.4182162
136.58 3.9132
136.58 3.8985481
135.86 3.8910885
135.86 3.751825
135.86 3.8440373
135.15 3.9033089
135.15 3.7896905
135.15 3.835021
134.43 3.6980696
134.43 3.7237625
134.43 3.7712502
134.43 3.7771885
133.72 3.947551
133.72 3.7811084
133.0 3.845401
132.29 3.829583
131.57 3.7165592
131.57 3.892615
130.86 3.831234
130.86 3.703667
130.86 3.7012992
130.14 3.8117907
130.14 3.9612849
129.43 3.9485831
129.43 3.822041
129.43 3.8868637
128.71 4.0215473
128.71 3.9558055
128.71 3.7957447
128.0 4.005948
128.0 3.8736525
128.0 3.2068787
127.28 3.722134
125.86 3.9264116
125.86 4.0336914
125.85 3.8844857
125.86 3.9022908
125.14 3.951019
125.14 3.7871878
124.43 3.7960346
124.43 3.975767
124.43 3.9433084
123.71 3.7361445
123.71 3.9217262
123.0 4.0178647
122.28 4.0328765
121.57 4.0046597
120.85 4.0002975
120.85 3.9757178
120.14 3.9855154
120.14 3.7183452
120.14 3.8896434
119.42 3.8659883
119.42 3.8361747
119.42 3.7862396
119.42 4.032149
118.71 4.064677
117.99 3.9373016
117.99 3.965752
117.28 4.061119
117.28 3.959163
117.28 4.173204
116.56 4.051469
116.56 4.0500727
115.85 3.8476048
115.13 4.0502553
115.13 3.851811
114.42 4.1200347
114.42 3.793536
113.7 3.9365585
113.7 4.09956
112.99 3.946134
112.99 3.923448
112.27 3.9261045
112.27 3.9949448
111.56 4.007612
110.85 3.9965124
110.13 3.7460442
109.42 3.8982408
109.42 3.8765366
108.7 3.8238273
108.7 4.1260633
108.7 3.8578153
108.7 3.857665
107.99 3.762169
107.27 3.9434822
107.27 3.8216367
107.27 3.9182982
106.56 3.9531496
106.56 3.9496617
106.56 3.862492
106.56 3.98663
105.84 3.8449183
105.84 3.7772996
105.84 3.7692711
105.84 4.093869
105.13 4.0742674
105.12 3.7860374
104.41 3.9204884
104.41 4.1092052
104.41 3.4857564
103.69 3.9925365
103.69 3.509251
102.98 3.815899
102.98 4.0182376
102.26 3.992291
102.26 3.9970577
102.26 3.9319987
101.55 3.882777
101.55 4.0675626
100.83 3.9645207
100.83 3.8976378
100.83 3.9470813
100.83 3.7760751
100.12 4.0521946
100.12 3.9164155
100.12 4.001355
99.4 3.987568
99.4 3.8939013
99.4 3.8467607
98.69 3.650737
97.97 4.002783
97.26 3.965257
97.26 3.9597917
95.83 3.8779578
95.83 3.9821644
95.83 4.039864
95.83 3.8194273
95.11 4.0134416
95.11 3.8243663
94.4 4.0385823
94.4 3.9883633
93.68 3.5394595
92.97 3.9934363
92.97 3.8298075
92.97 4.1077914
92.25 3.4797003
92.25 3.7591176
91.54 4.0291457
91.53 3.8557472
91.53 3.7600865
90.1 3.7304707
90.1 3.867841
89.39 3.632226
89.39 4.013529
89.39 3.7114558
88.67 3.9980795
88.67 3.6807816
87.96 3.8553867
87.24 4.048352
86.53 3.859518
86.53 3.9736803
86.53 3.6227636
85.81 3.861769
85.81 3.8390749
85.81 3.9448202
85.1 3.7446554
85.1 3.7974145
84.38 4.0542045
84.38 3.8287501
83.67 3.986386
83.67 3.9626346
82.95 3.5212438
82.95 3.9488556
82.95 3.7411165
82.24 4.02973
81.52 3.8181555
81.52 4.0350757
80.81 3.8649461
80.09 3.9148216
80.09 4.0233054
80.09 3.881761
79.37 3.5487032
79.38 3.7941482
78.66 3.6576583
78.66 3.8488855
78.66 3.9220662
77.23 3.8716342
77.23 3.6104648
76.51 3.8716419
76.51 3.9009454
75.8 3.9143078
75.8 3.858154
74.37 3.8134413
74.37 3.8686295
74.37 3.8382654
73.65 3.8312995
73.65 3.910915
72.94 3.970108
72.94 3.9985726
72.22 3.9068422
71.51 3.7281287
71.51 3.7474546
71.51 3.9753206
70.79 3.5972998
70.79 3.9623704
70.79 3.962699
70.08 3.7818465
70.08 3.9127412
70.08 3.7484279
70.08 3.8892703
69.36 3.8486524
68.65 3.8604364
67.93 3.8355653
67.22 3.8249125
67.22 3.914099
67.22 3.7501328
66.5 3.6878543
66.5 3.980341
65.78 3.7906933
65.78 3.7878275
65.07 3.970222
65.07 3.8369203
64.35 3.841197
64.35 3.7462935
63.64 4.0011497
63.64 3.8629444
63.64 3.7779691
62.92 3.8113372
62.21 3.6506584
62.21 3.8181398
61.49 3.8880825
61.49 3.9761453
60.78 3.8975973
60.78 3.9435635
60.06 3.942101
60.06 3.7846239
60.06 3.8087535
59.35 4.015985
59.35 3.9506238
58.63 3.842763
57.92 3.846878
57.92 3.936324
57.92 3.8513765
57.2 3.9863575
57.2 4.0767255
57.2 3.858177
57.2 3.897448
56.49 3.7436938
56.49 3.7744184
56.49 3.8343115
56.49 3.7863503
55.77 3.8118875
55.77 3.8479078
55.06 3.812921
55.06 3.8225937
54.34 3.942663
54.34 3.8657465
54.34 3.9027176
53.63 3.8238366
52.91 3.9788492
52.91 3.926917
52.91 3.8988557
52.2 3.8183825
52.2 3.7977285
52.2 3.7522316
52.2 3.9007397
51.48 3.7130723
51.48 3.8338351
51.48 3.825999
50.76 3.8045907
50.77 4.0014663
50.05 3.7542233
50.05 3.6997626
50.05 3.8488266
49.33 3.6880999
49.33 3.8077846
48.62 3.7411819
48.62 3.7314825
48.62 3.9611027
47.9 3.800207
47.9 3.7119484
47.19 3.680322
47.19 3.7313702
47.19 3.799463
47.19 3.6339114
46.47 3.7408807
46.47 3.8405461
45.76 4.0034566
45.76 3.556544
45.76 3.5915673
45.76 3.6519268
45.76 3.75707
45.04 3.6215236
45.04 3.6057436
45.04 3.7551005
44.33 3.9204736
44.33 3.6535711
44.33 3.7362056
44.33 3.7835057
43.61 3.8118613
43.61 3.7302601
43.61 3.6544783
42.9 3.8620715
42.9 3.9504812
42.9 3.6925366
42.9 3.927369
42.18 3.7597635
42.18 3.4795663
41.47 3.7794085
41.47 3.7862992
40.75 3.636956
40.75 3.6485257
40.75 3.8586786
40.75 3.74211
40.04 3.693729
40.04 3.831956
40.04 3.6967592
40.04 3.7983298
39.32 3.8325205
38.61 3.5857775
38.61 3.711704
38.61 3.8120172
38.61 3.707002
37.89 3.8097892
37.89 3.7177768
37.89 3.8484259
37.18 3.8642607
37.18 3.8139303
37.18 3.8311958
36.46 3.8141577
36.46 3.8344138
35.75 3.6780608
35.75 3.7863417
35.03 3.7532134
35.03 3.724252
35.03 3.7601163
35.03 3.854587
34.32 3.865248
34.32 3.9588218
33.6 3.8339539
33.6 3.761823
33.6 3.766611
32.89 3.6829922
32.89 3.6909428
32.89 3.7654955
32.89 3.635381
32.17 3.7886617
32.17 3.7395883
32.17 3.8918746
31.46 3.8886418
31.46 3.7816975
31.46 3.7496526
30.74 3.849468
30.74 3.6236837
30.03 3.8843408
30.03 3.7678885
30.03 3.5728495
29.31 3.5644603
29.31 3.8908308
29.31 3.715185
28.6 3.8347273
28.59 3.3023975
28.6 3.619432
27.88 3.8164248
27.88 3.757699
27.17 3.8210561
27.17 3.7661352
27.17 3.916588
26.45 3.798651
26.45 3.754372
26.45 3.7967672
25.74 3.7609317
25.74 3.8737283
25.74 3.868554
25.02 3.812689
25.02 4.0094547
25.02 3.7940254
24.31 3.8699033
24.31 3.7592406
24.31 3.758343
24.31 3.8150518
23.59 3.810213
23.59 3.6926184
23.59 3.6336565
22.88 3.7100608
22.88 3.692937
22.88 3.773425
21.45 3.74998
21.45 3.8283677
21.45 3.8406723
20.73 3.6961374
20.73 3.8953264
20.02 3.941375
20.02 3.9363632
19.3 3.8459604
18.59 3.8778398
18.59 3.7659256
17.87 3.8519561
17.16 3.7985597
17.16 3.873751
16.44 3.8659322
16.44 3.7832332
16.44 3.8439276
15.73 3.8835387
15.73 3.944023
15.73 4.0025916
15.01 3.8834388
15.01 3.807849
14.3 3.9609504
13.58 3.8127816
12.87 3.715967
12.15 3.8710418
12.15 3.7694018
11.44 3.9358037
11.44 4.058061
11.44 4.0663857
10.72 4.052895
10.72 3.8279078
10.72 3.8860521
10.01 3.7017503
10.01 4.0015354
9.29 3.8534267
9.29 4.036463
8.58 3.8384125
8.58 3.975042
8.58 3.909239
7.86 4.0405893
7.15 3.8729498
7.15 3.724926
7.15 4.1133184
6.43 4.087871
5.72 3.9710567
5.72 3.9385202
5.0 3.9816668
4.29 3.7260737
4.29 4.036725
3.57 3.8220472
3.57 4.0716186
3.57 3.5549493
2.86 3.8944533
2.86 3.9561336
2.86 3.8865619
2.14 3.9196172
2.14 3.9810216
2.14 4.0910897
1.43 3.8120406
0.71 3.654689
0.71 3.9164667
0.71 3.9099724
0.72 4.066442
0.0 3.9588284
0.0 4.105763
