3346.0 4.5444875
3346.0 4.5295243
3345.28 4.6079426
3344.57 4.13743
3343.86 4.618044
3343.86 4.3376923
3337.45 4.4190946
3337.45 4.7215543
3336.74 4.513914
3331.04 4.601702
3330.32 4.482411
3328.19 4.7060027
3327.47 4.6691294
3327.47 4.865946
3326.76 4.8333707
3323.2 4.6446204
3323.2 4.465381
3323.2 4.2113733
3323.2 4.5414853
3322.48 4.2541795
3322.48 4.585223
3321.77 4.424923
3321.06 4.4583364
3321.06 4.6497445
3321.06 4.6235986
3320.34 4.488929
3320.34 4.4372096
3319.63 4.33794
3319.63 4.4685144
3313.21 4.5664234
3313.21 4.6189427
3311.07 4.1156573
3311.07 4.3290796
3311.07 4.4212427
3310.36 4.0306206
3310.36 3.4904304
3309.64 4.3735805
3309.64 3.9930658
3308.93 4.189736
3308.93 3.7621121
3308.22 4.1321764
3307.5 4.2008476
3307.5 4.5769086
3306.79 3.998057
3306.08 4.046559
3306.08 3.8587527
3306.08 4.1312275
3306.08 3.364884
3305.36 4.0760264
3305.36 4.3893967
3305.36 4.2300744
3304.65 4.0951715
3300.36 4.104419
3296.08 4.3612504
3296.08 4.548453
3296.08 4.2468586
3295.37 3.9478905
3291.08 4.6502275
3278.93 3.831856
3278.93 4.111422
3278.21 4.128245
3278.21 4.3447795
3278.21 3.851407
3264.62 4.627947
3264.62 3.5742254
3264.62 4.047664
3263.9 4.211528
3263.9 4.0135183
3263.9 3.5890665
3263.19 3.9781737
3263.19 4.2341566
3257.46 3.6347275
3257.46 3.6198761
3256.75 3.8536034
3253.9 4.023051
3253.18 3.951928
3253.18 3.5767212
3253.18 4.0380545
3253.18 4.0475516
3253.18 4.5070457
3252.46 3.9952629
3249.59 3.8735838
3244.57 3.9656699
3244.57 4.4640083
3244.57 4.1882005
3244.57 4.401905
3243.85 4.150894
3233.08 4.617207
3232.36 4.3128157
3232.36 3.9383588
3232.36 4.5016656
3231.65 4.394771
3231.65 4.437442
3227.34 3.7214463
3227.34 3.926403
3226.62 4.3462367
3226.62 4.1201987
3217.28 4.6955495
3210.81 4.4657207
3210.09 4.593001
3210.09 3.979045
3210.09 3.7555165
3209.38 3.9185076
3209.38 3.8299994
3208.66 4.429247
3208.66 3.8041356
3207.94 3.712762
3207.94 3.9229455
3207.22 4.3041735
3199.31 3.8659048
3199.31 4.0968995
3199.31 4.039572
3198.6 3.7767978
3197.88 4.030099
3197.16 4.1814165
3197.16 3.7324977
3196.44 3.9512212
3196.44 4.120085
3194.28 4.284323
3192.85 3.8592732
3192.13 4.069926
3192.13 4.137277
3191.41 4.1591806
3191.41 4.03831
3191.41 4.03232
3190.69 4.0322433
3189.97 3.8948853
3189.97 4.100222
3189.25 3.8057115
3188.54 3.6948013
3188.54 4.1209936
3187.82 4.1763196
3187.1 4.063798
3186.38 4.048393
3186.38 4.0436974
3186.38 4.1222954
3186.38 4.2892833
3185.66 3.8914323
3184.94 4.1950216
3184.94 4.128456
3184.22 3.9003928
3177.04 3.9508028
3177.04 3.6406767
3174.88 4.5815973
3174.88 4.065224
3174.16 4.10591
3174.17 3.7388167
3174.16 4.294842
3167.7 4.3825455
3167.7 4.200701
3167.7 4.1883907
3166.98 4.1837344
3166.26 4.018474
3166.26 3.903818
3166.26 4.167099
3165.54 4.1763597
3164.83 3.8736002
3161.95 3.985787
3161.24 3.7602594
3161.23 4.5546565
3161.24 4.101531
3159.08 3.8502998
3159.08 3.9368954
3158.36 3.8594232
3154.77 4.021673
3154.77 4.1074333
3154.77 4.000879
3154.05 4.229137
3154.05 4.415106
3154.06 3.5799434
3154.05 4.256203
3148.31 4.234122
3147.59 4.3630924
3146.88 4.551183
3146.88 4.4434633
3146.16 4.232801
3144.01 3.842814
3143.29 4.349141
3143.29 4.442072
3140.42 3.9759963
3140.42 4.0268874
3137.55 4.0717835
3137.55 4.191567
3137.55 4.3082204
3137.55 3.7202191
3136.83 4.1828465
3124.64 4.5190606
3121.05 4.252364
3120.34 4.4966288
3120.34 4.5292525
3120.34 4.504617
3119.62 4.517672
3119.62 4.3865466
3119.62 4.5300207
3113.89 4.253938
3113.17 4.5626493
3106.7 5.0798635
3106.7 5.285096
3105.98 4.6044564
3105.98 5.0616713
3105.27 4.7627916
3105.27 4.9925137
3104.56 4.747014
3104.56 4.664696
3103.84 5.1607594
3098.84 5.20533
3078.15 3.9008982
3076.0 4.0261908
3075.29 4.2313123
3075.29 4.226012
3075.29 3.9953709
3075.29 4.0390973
3074.58 4.052727
3073.86 3.9554605
3073.86 4.3143487
3073.86 3.6233454
3073.86 4.1168656
3073.15 4.0812025
3070.3 4.25923
3069.58 4.4309487
3068.87 4.592342
3068.87 4.407147
3068.16 4.418809
3067.44 4.2881126
3066.73 4.1323624
3066.73 4.7602983
3066.02 4.1120267
3063.16 4.394995
3063.16 4.405763
3063.16 3.7113516
3063.16 4.492095
3062.45 4.2400618
3062.45 4.1509547
3058.17 4.2318
3057.45 4.238527
3057.45 4.3198586
3056.74 4.329007
3056.74 4.245411
3056.03 4.304666
3056.03 4.437011
3053.17 4.302643
3051.75 4.270315
3051.03 4.369034
3051.03 3.959767
3050.32 3.9466536
3050.32 4.311326
3050.32 4.536561
3048.18 4.2699084
3042.47 4.448197
3038.9 4.407239
3038.9 3.9643428
3038.19 4.516902
3038.19 4.4449563
3038.19 4.7933526
3036.76 4.469519
3036.76 4.5123606
3036.04 4.88576
3036.04 4.6939077
3036.04 4.666578
3035.33 4.687246
3035.33 4.369697
3031.76 4.668291
3031.05 4.068139
3028.19 4.2016835
3028.19 4.1771717
3028.19 3.9958806
3027.48 4.22573
3027.48 4.048122
3026.76 3.7771266
3026.76 4.263458
3026.05 3.9830523
3026.05 3.9178271
3025.34 4.1837277
3024.62 4.0524497
3024.62 3.6727228
3023.91 4.1351013
3023.19 4.803675
3023.19 3.8478582
3022.48 4.050101
3022.48 4.1739984
3021.76 3.9971232
3021.76 4.1216674
3021.05 4.052705
3021.05 4.0344133
3021.05 4.2569485
3020.34 4.2881923
3020.34 4.093484
3019.62 3.9441247
3018.91 4.053476
3018.19 4.1328726
3018.19 4.14229
3018.19 4.17091
3017.48 3.6589718
3016.76 3.8968685
3016.76 3.988037
3016.76 3.5808818
3012.48 4.023022
3011.76 4.176774
3011.76 3.9228847
3011.76 3.8321867
3008.9 4.1160016
3008.9 4.0629992
3008.19 4.232763
3008.19 4.0546355
3008.19 4.0408764
3007.47 4.1372523
3007.47 3.952159
3006.76 4.2768207
3006.76 4.086193
3006.76 4.1276393
3006.04 4.199738
3006.04 4.217094
3006.04 4.1672816
3004.61 4.5865765
3004.61 4.321637
3003.9 4.224528
3003.9 4.213764
3003.18 3.9662027
3003.18 4.223008
3002.47 4.3565516
3001.75 4.271157
3001.75 4.613499
3001.75 4.0271993
3001.04 4.1963596
3001.04 4.349029
3001.04 4.282234
3001.04 4.89275
3000.32 4.5150156
2996.75 4.397194
2994.6 4.278631
2993.89 4.282755
2993.89 4.288203
2993.89 4.2509227
2991.74 4.4228635
2991.03 4.0823174
2991.03 4.5041723
2991.03 4.2803054
2985.3 4.295337
2985.3 4.5011363
2985.3 4.32378
2985.3 4.306987
2984.58 4.1499496
2984.58 4.4419956
2983.87 4.333572
2982.44 4.409805
2977.42 3.8861005
2976.71 4.5882525
2976.71 4.5239873
2973.13 4.218631
2973.13 4.58059
2973.13 4.5084305
2972.41 4.5552735
2966.72 4.440582
2966.72 4.2679787
2966.0 4.262558
2966.0 3.7957022
2964.56 4.2595057
2963.84 4.222904
2963.84 4.702214
2963.84 4.334626
2963.12 4.886568
2958.08 4.3639274
2958.08 4.2185583
2957.36 4.2301216
2957.36 4.1544495
2954.48 4.599106
2953.76 4.199343
2953.04 4.440171
2953.04 4.3958235
2953.04 4.5734897
2952.32 4.288186
2952.32 4.43609
2951.6 4.5849247
2947.28 4.295826
2947.28 4.7290416
2946.56 4.584279
2946.56 4.236788
2946.56 4.3314767
2945.84 4.373841
2945.12 4.3135242
2945.12 4.6456084
2944.4 4.7317767
2943.68 4.543455
2942.96 4.655861
2942.96 4.669808
2942.24 4.697673
2942.24 4.950478
2937.92 4.6289907
2937.2 4.840452
2937.2 4.781331
2936.48 4.961922
2935.76 4.8267436
2935.76 4.7878532
2935.76 4.728504
2935.76 5.060998
2933.6 4.7114253
2925.68 4.6037474
2925.68 4.2598367
2925.68 4.7453628
2924.96 4.419173
2924.96 4.1855392
2924.24 4.7554793
2924.24 4.617776
2923.52 4.2333183
2923.52 4.619854
2922.8 4.733262
2922.08 4.4572825
2911.27 4.4805965
2910.55 4.3834925
2910.55 4.113504
2910.55 4.368284
2909.83 4.494186
2909.11 4.8028784
2909.11 4.5385246
2909.11 4.5775013
2908.39 4.134649
2906.23 4.41454
2906.23 4.5126886
2906.23 4.544517
2905.51 4.2989564
2904.07 4.2290816
2903.35 4.542974
2903.35 4.449078
2902.63 3.9823046
2902.63 4.5358577
2902.63 4.522378
2901.91 3.8802917
2901.91 4.450035
2898.32 4.31843
2897.6 4.449814
2897.6 4.3398347
2896.88 4.258235
2896.88 4.440028
2896.16 3.8602266
2896.16 4.3725357
2896.16 4.244255
2891.12 3.9453123
2890.4 3.773496
2890.4 3.4248865
2890.4 4.3952217
2884.65 4.3010664
2884.65 3.9220614
2883.93 4.500317
2883.93 3.6466413
2883.93 4.309252
2883.21 4.116298
2882.49 4.0474973
2882.49 4.127261
2882.49 4.1958737
2882.49 4.104108
2876.74 3.6947286
2876.74 4.245443
2876.74 3.996639
2876.02 4.145022
2876.02 3.8818781
2870.99 3.9190226
2871.0 3.7088299
2870.99 3.9857087
2870.99 3.9304495
2870.99 4.0544386
2870.99 3.9485512
2867.4 4.324593
2866.69 4.250015
2866.69 4.4633574
2865.97 4.0933747
2865.25 3.5983958
2865.25 4.0864067
2862.38 3.8826509
2862.38 4.1667423
2861.66 4.2172685
2861.66 4.176355
2860.95 4.041758
2860.95 3.669288
2860.95 4.3282547
2860.23 4.272802
2859.51 4.0588417
2858.08 4.1114492
2857.36 3.873767
2857.36 4.1976147
2856.64 4.2959323
2856.64 4.2544193
2856.64 4.175028
2855.92 4.285681
2855.92 4.21045
2851.62 4.2440658
2834.44 3.8848457
2833.73 3.4422193
2833.73 3.9216948
2833.73 3.7132802
2833.01 3.4790664
2833.01 3.6272588
2830.15 3.7319093
2828.01 3.8302884
2814.43 4.5353394
2814.43 4.4081388
2813.72 4.4037113
2813.72 4.672441
2813.72 4.8211346
2813.01 4.3073134
2810.88 4.632346
2810.88 4.44283
2810.88 4.888317
2810.17 4.6775537
2809.46 5.0460143
2808.75 4.849466
2808.75 4.5979667
2808.75 4.821575
2808.04 4.80748
2808.04 4.7389627
2807.33 4.743803
2807.33 4.794294
2806.62 5.1042614
2806.62 4.900979
2803.07 4.9697003
2803.07 5.175121
2802.36 4.7288175
2802.36 5.06084
2795.27 4.5814567
2795.27 5.137128
2794.56 4.6951327
2794.56 4.7154617
2791.72 4.0732985
2791.01 4.3412747
2791.01 4.1894913
2791.01 3.8713286
2790.31 4.3297553
2790.31 4.223516
2789.6 4.172315
2784.63 4.583358
2784.63 4.645477
2783.93 3.9959867
2783.93 4.2383714
2777.55 3.9426162
2777.55 4.045004
2776.84 3.6081595
2776.84 3.745191
2771.88 3.5476918
2771.88 3.5729172
2771.88 3.6402216
2771.88 4.021102
2771.17 4.204201
2766.92 4.1212883
2766.21 4.24029
2766.22 4.179499
2766.22 3.8699884
2764.09 4.056912
2764.09 3.830038
2763.38 3.9883575
2762.67 4.1053863
2761.97 3.9270444
2761.97 3.7268927
2759.13 4.044769
2759.13 3.8051426
2758.42 3.713562
2758.42 3.6434307
2758.42 3.6772327
2757.01 3.8081532
2756.3 3.7182374
2754.88 3.7284064
2754.88 4.033882
2754.88 3.9274337
2754.17 3.9738724
2753.47 3.8795795
2749.21 3.8498337
2749.21 3.6799996
2749.21 3.644974
2749.21 3.9614098
2746.38 3.7764816
2746.38 3.585926
2745.67 4.2484264
2745.67 3.8955228
2745.67 3.9224734
2744.96 3.6434023
2730.79 4.0976586
2722.98 4.3721814
2722.27 5.001956
2722.27 4.0906873
2722.27 4.3594923
2721.56 4.4044294
2715.18 4.2678175
2714.47 4.5527663
2714.47 4.3935294
2714.47 4.301653
2714.47 4.3587155
2714.47 4.321193
2713.76 4.3890834
2711.63 4.3609548
2711.63 3.7292638
2710.92 4.2612257
2710.92 4.279978
2710.21 3.9755702
2710.21 4.05804
2691.72 4.134122
2691.01 4.0425797
2691.01 4.1244555
2691.01 4.0972667
2690.29 4.304554
2689.58 4.257613
2689.58 4.2106805
2688.87 3.615027
2688.87 3.9514706
2688.87 3.873233
2688.16 4.1081977
2688.16 4.070828
2688.16 4.2925262
2687.45 4.1759386
2687.45 4.315718
2686.73 4.0767016
2686.02 4.12574
2685.31 4.29832
2685.31 4.0390744
2684.6 4.39484
2684.6 4.2067266
2682.46 3.684775
2682.46 3.8972847
2681.79 4.699943
2681.79 4.1064034
2681.79 4.070803
2681.79 4.188565
2681.08 4.521964
2680.36 4.3344383
2680.36 4.155856
2679.65 4.631364
2679.65 4.3039517
2678.93 4.1953807
2678.93 4.084089
2678.21 3.989206
2678.21 4.2776613
2677.5 4.240375
2677.5 4.46437
2673.2 4.381507
2672.49 4.0742726
2672.49 4.365201
2672.49 4.151523
2669.62 4.4900575
2668.9 4.4322324
2668.9 4.026599
2668.9 4.3025856
2668.19 4.1750574
2666.04 3.84726
2666.04 4.3738017
2665.32 4.1952853
2665.32 4.3515525
2662.45 4.629657
2661.73 4.982927
2661.74 4.1722503
2661.02 4.7061415
2661.02 5.005166
2657.43 4.7358923
2656.71 4.7793555
2653.84 4.508962
2653.13 4.3048267
2653.13 4.8346705
2652.41 4.7379127
2652.41 4.6415715
2638.76 4.2129006
2636.61 3.7981133
2636.61 3.8477588
2635.89 4.064727
2635.89 4.259241
2635.89 4.318437
2626.55 4.0554776
2626.55 4.266742
2626.55 4.1544294
2626.55 4.488344
2626.55 4.4933105
2614.32 4.257684
2614.32 4.38248
2613.6 4.480845
2613.6 4.3966336
2610.73 4.174354
2610.01 4.115371
2607.13 3.8515306
2607.13 3.8158703
2597.06 4.1970177
2596.34 4.251484
2596.34 4.3016744
2596.34 4.367934
2591.31 4.298297
2590.59 4.4366484
2590.59 4.1786156
2590.59 4.0967255
2588.43 4.379612
2588.43 4.29422
2587.71 4.337534
2587.71 4.525774
2585.55 4.4270735
2584.12 4.4774704
2583.4 4.4837294
2583.4 4.3009205
2582.68 4.2602615
2582.68 4.394903
2581.96 4.4680033
2566.86 4.4895744
2566.15 4.3977537
2563.99 4.249828
2563.27 4.3303614
2554.65 4.387858
2554.65 4.3024144
2554.65 4.2342415
2554.65 4.2517314
2553.94 4.3905864
2553.94 4.1629567
2553.94 4.34699
2553.22 4.4855766
2545.32 4.7117023
2542.45 3.8993332
2542.45 4.463206
2541.74 4.0009727
2541.02 4.120963
2541.02 4.156337
2536.68 3.7764003
2536.68 4.6264534
2536.68 4.0539064
2536.68 4.0188828
2535.97 3.8038187
2535.97 4.000757
2535.97 4.1457267
2535.97 3.9863393
2535.26 3.85182
2535.26 3.8738327
2535.25 4.1752524
2535.26 3.9840496
2534.54 4.4789033
2534.54 4.3548193
2528.83 3.875759
2514.55 4.381851
2514.55 4.0476065
2513.83 4.164054
2512.41 4.4083266
2511.69 4.267887
2511.69 4.423486
2510.98 4.4008837
2510.98 4.4161587
2510.98 4.563461
2508.13 4.3567567
2508.13 4.25078
2507.41 4.4348493
2506.7 4.264693
2506.7 4.3872194
2501.0 3.9146614
2500.28 4.3747764
2500.28 3.91545
2500.28 4.31772
2499.57 4.1873627
2484.6 4.5001984
2481.75 4.548542
2481.04 4.7908497
2481.04 4.2229824
2481.04 5.0918827
2476.05 4.642681
2476.05 4.93141
2476.05 4.9500694
2475.34 4.7929974
2475.34 4.435705
2474.63 4.524064
2467.5 4.2419353
2466.79 4.404293
2466.79 4.2875624
2466.08 3.9535065
2465.37 4.3701525
2465.37 4.032561
2464.65 4.52984
2461.8 4.170831
2461.8 4.101364
2461.8 4.6225038
2461.09 4.1510873
2461.09 4.179011
2460.38 4.213734
2455.39 4.1613955
2455.39 4.240077
2455.39 4.4996505
2454.68 4.212513
2448.98 4.102539
2448.27 4.3419495
2448.27 4.5971375
2448.27 4.316406
2445.42 4.5420613
2444.71 4.7565646
2437.58 4.5401344
2437.58 4.1649804
2437.58 4.354612
2437.58 4.2872314
2436.87 4.049419
2431.88 4.5505776
2431.17 4.4942784
2431.17 4.4726696
2431.17 4.2718678
2430.45 4.5201135
2430.46 4.2306933
2426.18 4.3143845
2426.18 4.3336034
2425.47 4.7316737
2425.47 4.394361
2425.47 4.267635
2424.75 4.164431
2424.75 4.7556577
2424.04 4.2554064
2424.04 4.180988
2423.33 4.2400017
2422.61 4.090001
2422.61 4.192041
2421.9 4.1234303
2421.9 4.282693
2421.19 4.2122517
2421.19 4.1026726
2420.47 4.4269843
2420.48 4.2214622
2420.48 4.157319
2420.47 4.3301435
2420.47 4.274711
2419.76 4.4416966
2419.05 4.1339097
2419.05 4.476017
2414.77 4.436682
2411.92 4.258284
2411.2 3.7846036
2411.2 3.993155
2410.49 4.1562686
2410.49 4.5457797
2410.49 4.6066084
2409.78 4.2244244
2409.78 4.37543
2402.64 4.6092076
2401.93 4.569735
2401.93 4.90619
2401.21 4.462537
2400.5 4.2812133
2400.5 4.676861
2399.79 4.4818707
2399.07 4.5962305
2398.36 4.6701145
2398.36 4.3037667
2397.65 4.4182687
2393.39 4.0250163
2393.39 4.359457
2392.67 4.165311
2392.67 4.5863056
2390.52 4.3960376
2390.52 3.8464894
2390.52 4.0020328
2390.52 4.6296935
2389.81 4.882343
2389.09 4.237584
2388.37 4.190456
2383.36 3.9214094
2376.2 3.8668344
2374.05 4.020775
2374.05 3.8946385
2374.05 4.4949512
2374.05 3.9109526
2373.33 4.0653906
2373.33 4.0094943
2368.31 4.055897
2368.31 4.2829094
2367.6 4.241382
2367.6 3.7386947
2366.88 4.002517
2366.88 4.0976415
2366.16 4.0966907
2365.45 4.235899
2360.43 4.5216
2360.43 4.192081
2360.43 4.6659913
2359.71 4.6770506
2359.71 4.5428767
2357.56 4.1304793
2333.89 3.7716804
2333.18 3.7487967
2333.18 3.6642902
2333.18 3.6631308
2333.18 3.923547
2332.46 3.7915926
2330.31 3.6676188
2330.31 3.9402752
2329.59 3.7051973
2329.59 3.8452692
2329.59 3.9589162
2328.87 3.9001555
2328.87 3.546928
2328.15 3.6415215
2327.44 3.8340673
2327.44 3.9233541
2327.44 3.9481568
2326.72 4.0704007
2325.29 3.8145318
2325.29 3.9203086
2325.29 4.0135846
2324.57 3.6586723
2324.57 3.8059978
2324.57 3.777206
2324.57 4.0175786
2323.85 3.6633806
2323.85 4.0323524
2323.85 3.898994
2323.85 3.6975117
2323.13 3.9597425
2323.13 4.0624976
2323.13 3.6152496
2315.96 3.5581942
2315.96 3.9094071
2315.96 4.0706477
2315.24 3.9125824
2315.24 3.8550348
2301.61 3.8085456
2301.61 3.817617
2301.61 3.7926757
2300.9 3.967729
2298.75 3.7024972
2297.31 3.7829711
2296.6 3.5709648
2296.6 3.8384745
2295.88 4.0209255
2295.16 3.6437774
2295.16 4.321779
2294.44 4.201659
2293.73 3.8506894
2292.29 3.870401
2291.58 3.9622247
2291.58 3.9077013
2270.07 4.723134
2270.07 4.368574
2270.07 4.71261
2270.07 4.5032816
2269.36 4.0500174
2266.49 4.4870934
2265.78 4.135401
2265.78 4.185822
2265.78 4.266767
2264.34 4.038887
2264.34 4.296365
2263.63 4.0064077
2263.63 3.9777966
2263.63 4.007706
2262.91 4.2030506
2262.91 4.168032
2262.19 3.8961895
2262.19 4.002421
2261.48 3.9492507
2260.76 4.2738085
2260.76 4.070366
2260.76 3.8332422
2260.05 4.347799
2259.33 4.2570267
2259.33 4.2951307
2259.33 4.317157
2258.61 4.389917
2247.86 5.084078
2247.14 5.0665903
2247.14 5.08528
2247.14 5.4034657
2246.43 4.996658
2245.0 5.145039
2245.0 5.3053575
2244.29 5.5043464
2244.29 5.0980415
2243.57 5.0666924
2242.86 5.0030303
2242.15 5.2501655
2242.15 5.204964
2241.43 5.2656794
2240.72 5.2279315
2240.72 5.377365
2237.86 5.338324
2237.86 4.9791484
2237.15 5.38414
2237.15 5.115392
2236.44 5.602377
2235.72 5.1930594
2235.72 5.26635
2235.72 5.415539
2230.73 4.4182925
2230.73 4.8657165
2230.73 4.6583915
2230.01 4.9046664
2230.01 4.849213
2229.3 4.4141555
2228.59 4.616367
2227.87 4.690968
2227.87 4.7388988
2227.16 4.5938444
2227.16 4.3151546
2223.59 4.250253
2221.45 4.020328
2220.74 3.959244
2220.74 4.815938
2220.74 4.1138697
2220.74 4.2949557
2217.17 4.2512393
2216.46 4.011689
2216.46 4.3669086
2216.46 4.349743
2210.04 4.157701
2210.04 4.1109905
2207.9 4.2774286
2207.9 4.1893425
2207.19 3.9573607
2207.19 4.301368
2207.19 4.2274494
2206.47 4.2016
2206.47 4.345254
2206.47 4.2341037
2205.76 4.573447
2205.05 4.558228
2205.05 4.275956
2205.05 4.4026465
2204.33 3.7233837
2204.33 4.183871
2203.62 4.4066286
2203.62 4.054738
2202.91 4.3318715
2202.19 4.3445573
2201.48 4.1231804
2201.48 3.932115
2200.77 4.2417216
2200.77 4.214768
2195.06 4.406149
2174.38 5.044572
2174.38 4.79026
2174.38 5.037666
2174.38 5.069442
2173.67 4.703866
2173.67 4.459302
2172.95 4.7730913
2172.95 4.707836
2172.24 4.5642085
2170.1 5.0824785
2170.1 4.7607617
2170.1 4.997898
2169.39 4.7142963
2169.39 4.78996
2167.25 4.6696887
2167.25 4.6702747
2166.53 4.6080456
2166.53 4.770933
2165.82 4.7816153
2165.82 5.010377
2159.4 4.5737934
2154.4 4.623636
2153.69 4.2419662
2153.69 4.804284
2152.98 4.5888405
2152.98 4.3618455
2152.26 4.4559603
2152.26 4.0359674
2151.55 4.521302
2151.55 4.6276784
2151.55 4.5567684
2145.13 4.6860895
2144.41 4.6901402
2144.41 4.76331
2144.41 4.7394557
2142.27 4.8499465
2142.27 4.577498
2142.27 4.559646
2142.27 4.766167
2141.56 4.723602
2138.7 4.40299
2138.7 4.8141217
2137.99 4.478611
2137.99 4.555751
2137.27 4.5849876
2137.27 4.5770106
2132.27 4.347178
2131.56 4.0967174
2120.13 4.491011
2119.42 4.5302153
2119.42 3.9749577
2118.7 3.8602533
2118.7 3.7913454
2113.7 3.8017292
2108.0 4.089354
2108.0 4.2365756
2108.0 4.160674
2108.0 4.5923085
2107.29 3.974669
2106.57 4.370894
2106.57 4.341826
2106.57 4.1029344
2105.85 4.271062
2102.27 4.277489
2101.55 4.390173
2101.55 4.1235843
2101.55 4.4610305
2101.55 4.3696036
2097.97 4.412565
2089.36 4.100871
2088.65 3.6431332
2080.76 4.0026045
2079.32 4.239406
2078.61 4.2137356
2078.61 3.7959185
2076.46 3.8092968
2076.46 3.8816426
2076.45 4.1092534
2076.46 4.0161724
2076.46 3.6900606
2075.74 4.001664
2075.02 4.024279
2075.02 4.1830506
2074.3 3.8475592
2074.3 4.002576
2073.59 4.121267
2073.59 4.088484
2067.13 4.1534286
2067.13 4.122365
2067.13 4.024849
2066.41 3.9814546
2066.41 4.319575
2065.69 4.1520286
2065.69 4.3972588
2062.83 4.104806
2062.82 4.3227916
2062.11 4.145507
2062.11 4.3878136
2061.39 4.271423
2060.67 4.0853987
2060.67 3.9830754
2059.96 4.0638175
2052.78 3.3319573
2052.78 4.2379475
2052.78 4.051022
2052.06 3.7387512
2052.06 4.1107802
2052.06 4.228851
2052.06 4.131913
2051.35 3.6972072
2049.91 4.3054543
2049.19 4.236456
2049.19 4.403103
2049.2 4.206752
2048.48 4.3823485
2047.76 4.429931
2047.76 4.3802204
2047.76 4.1206
2047.76 3.9459238
2047.04 3.6271086
2047.04 4.3949404
2046.33 4.3967
2045.61 4.4527297
2045.61 4.123434
2045.61 4.4139814
2044.89 4.246492
2044.89 4.227426
2044.17 4.6251683
2043.46 4.4754734
2042.74 4.2501183
2042.74 3.8644402
2042.02 3.6096923
2028.4 3.9970458
2027.68 4.590289
2027.68 4.2402964
2026.96 4.106102
2024.81 3.9076068
2024.09 4.0797653
2024.09 4.0942106
2024.09 3.8989182
2023.38 3.9867723
2022.66 4.425479
2022.66 4.0987883
2021.94 4.089679
2021.23 3.9672248
2020.51 4.2979774
2020.51 4.3940487
2019.79 4.426257
2019.08 3.9548228
2019.08 3.9695685
2019.08 4.343525
2019.08 3.840247
2018.36 4.3580008
2017.64 4.1546774
2017.64 4.3380575
2016.93 4.20401
2016.93 4.2792873
2016.21 4.130664
2015.49 4.2865124
2013.34 4.0506
2012.63 4.287876
2012.63 3.9085257
2012.63 4.1844015
2011.91 3.943638
2009.04 4.0110874
2006.89 4.4249473
2006.18 4.2192645
2006.18 4.185241
2005.46 4.280741
2005.46 4.3496346
2003.31 4.41519
2003.31 4.216609
2003.31 4.341579
2002.6 4.130251
1995.44 4.4219265
1994.72 4.2450056
1994.72 3.915476
1994.72 4.34139
1994.0 4.272781
1994.0 4.627398
1989.71 3.840814
1988.99 4.3009834
1988.99 3.785679
1988.99 3.9979975
1988.28 4.2046986
1975.4 4.2357903
1974.68 4.454149
1974.69 4.140281
1974.69 4.2048993
1973.97 4.259443
1971.82 4.7045345
1971.11 4.226741
1971.11 4.5402703
1968.97 4.370976
1968.97 4.076132
1968.97 4.1821632
1968.25 4.6427402
1952.54 3.9675078
1946.13 4.415821
1945.42 4.688681
1945.42 4.717202
1944.7 4.599001
1944.7 4.051357
1941.86 4.6861873
1941.86 4.853318
1941.14 4.797909
1941.14 4.6417356
1941.14 4.612801
1940.43 4.7140355
1939.72 4.67432
1939.72 4.6738114
1939.01 4.394539
1939.01 4.612222
1938.3 4.76664
1937.58 4.7679906
1937.58 4.872697
1937.58 4.356497
1933.31 4.5394244
1933.31 4.748235
1932.6 4.6106515
1932.6 4.4951115
1931.89 4.4008527
1931.89 4.5827994
1931.89 4.9448977
1931.18 4.8151073
1927.62 4.157634
1926.91 4.4764657
1926.91 4.677937
1926.91 4.921138
1926.91 4.576983
1926.91 4.4860578
1926.2 4.5028186
1918.37 4.4548793
1915.52 4.483014
1912.68 4.755436
1911.96 4.3670993
1911.96 4.263696
1911.96 4.2000537
1911.97 4.15933
1911.25 3.662834
1909.12 4.5879893
1909.12 4.042474
1909.12 4.3969626
1908.41 4.876844
1908.41 4.6658726
1907.7 4.8023887
1906.98 4.4299936
1906.98 4.0615625
1906.98 4.534613
1906.27 4.3761997
1906.27 4.6635017
1905.56 4.2691865
1905.56 4.3896356
1904.85 4.4996676
1904.85 4.165188
1904.85 4.656113
1904.14 4.1503587
1904.14 4.714461
1902.0 4.5890937
1901.29 4.4132853
1901.29 4.493675
1901.29 4.3093495
1900.58 4.4704857
1900.58 4.641464
1894.18 4.6413016
1894.18 3.9690971
1894.18 4.0872436
1893.46 4.1507506
1892.75 4.4872556
1892.75 4.2146854
1892.04 4.581272
1892.04 5.121749
1891.33 4.493538
1888.48 4.59361
1888.48 4.2100277
1887.77 4.2058487
1887.77 4.720198
1887.06 4.386781
1886.35 4.5253563
1886.35 5.012115
1885.64 4.514534
1885.64 4.5514975
1879.94 5.0856166
1879.23 5.066398
1879.23 4.735585
1878.52 4.6957493
1877.8 4.963081
1877.8 4.8480277
1877.09 5.051384
1877.09 5.128845
1877.09 4.6253166
1854.3 4.101591
1853.59 4.448926
1853.59 3.982958
1852.87 3.990431
1852.87 3.7919238
1852.87 4.058285
1852.16 4.3452015
1845.75 4.027403
1845.03 3.4223187
1845.03 4.259064
1845.03 3.937271
1844.32 3.8143003
1844.32 3.9772768
1843.61 4.1819315
1843.61 4.1484857
1840.04 3.9483728
1839.33 4.092128
1839.33 3.8713408
1839.33 4.121165
1838.61 3.9527154
1835.76 4.3803425
1830.05 4.254371
1829.34 4.335525
1829.34 4.4972014
1829.34 4.0111637
1826.48 3.8396845
1825.05 4.1093082
1822.23 3.9166694
1821.51 3.9728048
1821.51 4.023505
1817.21 4.0650063
1817.21 3.9832966
1816.5 3.9478614
1816.5 3.9627278
1811.48 4.0294533
1810.77 3.6301854
1810.77 4.0957837
1806.46 4.2389817
1806.46 3.9328446
1806.46 4.4406705
1805.75 4.1970553
1804.31 3.8091335
1803.6 4.05627
1803.6 4.0303965
1803.6 4.325374
1802.88 4.262194
1802.88 4.4670362
1800.73 4.17543
1800.01 4.0484185
1800.01 3.945764
1799.29 3.8372025
1799.29 3.9741611
1793.56 3.818556
1793.56 3.9833913
1792.84 4.210732
1792.84 3.8550332
1792.12 4.202188
1792.12 3.956935
1791.41 3.8509026
1791.41 4.234408
1791.41 4.1169143
1791.41 3.7553668
1789.97 4.207756
1789.97 4.7586913
1789.25 4.206563
1789.25 4.1935344
1784.95 4.267628
1784.23 4.5492663
1784.23 4.5229216
1784.23 4.536255
1784.23 4.303528
1783.51 4.4812884
1782.8 4.77245
1782.8 4.7468953
1782.8 4.4714403
1782.08 4.5356956
1782.08 4.4167466
1782.08 4.5740185
1781.36 4.4268317
1777.78 4.7619047
1777.06 4.8054385
1777.06 4.765246
1777.06 4.228078
1776.34 4.6279674
1776.34 5.2427554
1771.32 4.5513425
1771.32 4.564907
1771.32 4.5482306
1771.32 4.6306067
1770.6 4.579985
1770.6 4.88232
1769.17 4.4034147
1769.17 4.48962
1769.17 4.5164294
1768.45 4.5936713
1767.73 4.543912
1767.73 4.7436857
1767.73 4.281518
1767.01 4.546746
1767.01 4.3830047
1766.3 4.4299164
1766.3 4.646095
1765.58 4.5323505
1763.43 4.9013596
1763.43 4.5610747
1763.43 4.5064087
1762.71 4.7028236
1762.71 4.326662
1761.99 4.511117
1761.99 4.3288126
1761.99 4.8544545
1761.99 4.317995
1761.27 4.584086
1759.84 4.9209566
1759.84 4.5706925
1759.12 4.2707067
1759.12 4.651965
1759.12 4.7629757
1758.41 4.7416625
1758.41 4.84221
1743.34 4.257646
1742.63 4.4163704
1742.63 4.4753714
1742.63 4.258328
1742.63 4.220552
1741.91 4.2995515
1734.74 4.4144163
1734.02 4.21728
1734.02 3.9698129
1734.02 4.204731
1734.02 4.1702967
1729.01 3.9149754
1729.01 4.173912
1729.01 3.9918756
1728.29 4.5448165
1728.29 4.5582085
1723.27 4.7420692
1723.27 4.194853
1722.56 4.347781
1722.56 4.684793
1722.56 4.651814
1708.23 3.399683
1708.23 3.4832637
1701.08 3.4800313
1701.08 3.4730089
1700.36 3.4274316
1700.36 3.5462217
1697.5 3.2287202
1696.79 3.4909565
1696.79 3.5248747
1696.79 3.6599164
1696.07 3.5916653
1696.07 3.4211867
1695.35 3.7173398
1695.35 3.7022588
1694.64 3.8423755
1694.64 3.534899
1693.92 3.6192336
1693.92 3.4799595
1683.2 3.6883607
1682.49 3.8586178
1677.45 3.859121
1672.47 4.411414
1667.49 3.9995315
1664.65 4.184504
1663.94 4.43283
1663.94 4.041109
1663.94 4.0500865
1663.22 4.3119364
1663.22 4.316025
1663.22 3.9777427
1663.22 4.1670003
1662.51 4.728711
1662.51 4.3285646
1662.51 4.009499
1661.8 4.050133
1655.4 4.7381287
1655.4 4.6341615
1655.4 4.2033806
1655.4 4.5311646
1654.69 4.518343
1654.69 4.2944274
1651.85 4.481098
1651.85 4.3068094
1651.14 4.5348325
1650.43 4.4171977
1650.43 4.5333023
1650.43 4.29689
1649.72 4.35728
1646.16 4.4329762
1645.45 4.535458
1645.45 4.196843
1644.74 4.4323626
1644.74 4.625882
1644.03 4.306312
1643.32 4.711527
1643.32 4.7703648
1643.32 4.3448677
1641.19 4.516882
1641.19 4.088258
1640.48 4.6584463
1640.48 4.7025228
1640.48 4.7001514
1639.77 4.5890994
1636.92 4.515453
1636.92 5.142435
1636.92 4.7074103
1636.21 5.001176
1626.26 4.943227
1626.26 5.0382876
1625.55 4.7939587
1625.55 4.7053814
1622.0 4.4439597
1621.29 4.6818905
1621.29 4.743692
1620.57 4.7933946
1617.73 4.1579537
1617.02 4.2422895
1617.02 4.680123
1617.02 4.565417
1617.02 4.4965315
1615.6 4.700539
1614.89 3.99384
1614.89 4.9457035
1614.89 4.796195
1614.89 4.5634975
1614.17 4.99267
1609.91 4.118681
1609.2 4.7430162
1609.2 4.5982475
1609.2 4.7452974
1608.49 4.308143
1602.79 4.6618185
1602.08 4.466172
1602.08 4.4224014
1602.08 4.506936
1602.08 4.3873353
1599.95 4.462769
1599.24 4.1768284
1599.24 4.464909
1599.24 4.500175
1599.24 4.3782544
1594.96 4.2418714
1594.25 4.7302556
1594.25 4.561386
1593.54 4.265672
1591.41 3.643886
1591.4 4.206969
1591.4 4.288534
1590.69 3.902362
1590.69 4.020846
1589.98 4.15735
1589.98 4.407896
1586.42 4.0262527
1568.59 3.475702
1567.88 3.3612583
1566.45 3.3477807
1566.45 3.3595982
1565.74 3.3777702
1565.74 3.352847
1565.74 3.9045804
1565.74 3.3416176
1565.03 3.6027277
1565.03 3.1196456
1565.03 3.4765198
1564.31 3.428242
1563.6 3.3636744
1563.6 3.4406352
1563.6 3.2468536
1562.88 3.7672615
1562.17 3.470063
1562.17 3.8514287
1559.31 2.9876022
1558.6 3.499243
1558.6 3.826952
1558.6 3.4757793
1558.6 3.2269938
1557.89 3.5338259
1557.89 3.2509658
1557.88 3.6053998
1557.17 3.502415
1556.46 3.6711996
1556.46 2.956465
1555.74 3.4223468
1552.88 3.7494202
1552.17 3.329114
1552.17 3.214159
1551.45 4.083012
1551.45 3.5424702
1551.45 3.495717
1551.45 4.1028986
1550.74 3.578144
1543.59 4.0743947
1542.87 4.1053095
1542.87 4.0450716
1542.16 4.1081653
1537.19 3.699013
1524.96 4.5663047
1523.52 4.596121
1522.8 4.5838056
1522.8 4.5111103
1522.08 4.6660604
1521.36 4.903246
1520.64 4.7048254
1520.64 4.470357
1518.48 4.266984
1518.48 4.762044
1518.48 4.656993
1517.75 4.8683567
1515.59 4.444166
1514.87 4.7736053
1514.87 4.599359
1514.87 4.6315155
1508.39 4.896063
1507.66 4.2987666
1507.66 4.6207366
1507.66 4.390848
1506.94 4.5761037
1506.94 4.672831
1506.94 4.5562253
1499.01 4.898975
1499.01 4.8594356
1498.29 4.6804924
1497.57 4.750737
1495.41 4.852336
1495.41 4.4261975
1494.68 5.0121427
1494.69 4.678304
1494.69 4.460746
1494.68 5.0714564
1493.96 4.7502856
1493.96 4.2298217
1490.36 4.470712
1490.36 4.600201
1489.64 3.9936774
1489.64 4.6151004
1488.92 4.5816984
1484.59 4.048883
1484.59 4.247481
1484.59 4.2299557
1483.87 4.2143493
1483.15 4.2589746
1483.15 4.2179193
1483.15 4.177371
1483.15 4.1454697
1482.42 4.1351194
1482.42 4.1230083
1480.26 4.3135037
1480.26 4.1580358
1479.54 4.1083994
1479.54 4.4471173
1478.82 4.22551
1478.82 4.114795
1478.82 4.2470894
1474.49 3.700216
1474.49 4.020183
1473.77 4.0485125
1471.61 4.151854
1471.61 4.457536
1471.61 3.8718226
1470.89 4.067241
1470.89 3.9457173
1468.0 4.0078926
1467.28 4.2459106
1467.28 3.736311
1466.56 4.180405
1464.4 4.2418885
1463.68 4.052588
1463.68 4.149429
1462.96 4.08634
1462.24 3.731875
1462.24 4.197036
1462.24 4.4230685
1461.52 4.083083
1461.52 3.9188242
1460.8 4.1146264
1460.8 4.2871337
1460.08 4.219711
1460.08 4.0110307
1457.91 4.2341723
1452.15 4.744882
1451.43 5.1941824
1451.43 4.573924
1451.43 4.266023
1448.55 4.0582833
1448.55 4.2630773
1444.23 4.5441
1443.51 5.2855363
1443.51 4.8064594
1443.51 4.3232875
1442.79 4.837523
1437.75 4.966347
1437.75 4.9415946
1437.04 4.7356567
1437.04 4.9034185
1433.44 4.69583
1433.44 4.9355774
1433.44 4.890216
1433.44 4.8934107
1432.72 4.8487177
1431.28 4.8892407
1428.41 4.775144
1427.69 4.7403836
1426.97 4.7092495
1426.97 4.8348203
1426.97 4.4712033
1426.25 4.9152017
1425.53 4.7103767
1424.82 4.852904
1424.82 4.7102056
1424.1 4.349684
1423.38 4.7067895
1423.38 4.705858
1414.05 4.8358393
1413.33 4.320467
1413.33 4.36831
1413.33 4.470141
1412.61 4.403603
1409.03 4.316409
1409.03 4.039697
1409.03 3.7926135
1408.31 4.1249466
1408.31 4.2928715
1407.6 4.1605926
1407.6 4.1114597
1406.88 4.3246903
1406.88 3.857962
1406.16 4.2875605
1403.3 4.136475
1402.58 3.4907064
1402.58 3.4641924
1401.86 3.894267
1401.86 3.7923765
1401.15 3.8664966
1400.43 3.820352
1396.14 4.0413036
1395.42 4.066035
1395.42 3.772111
1395.42 3.4425964
1394.71 3.678022
1394.71 3.7455707
1394.71 3.4759421
1393.94 3.4804277
1393.94 3.5061908
1391.8 3.5836048
1391.8 3.9321866
1391.09 3.4955454
1391.09 3.9866705
1388.24 4.1234565
1387.53 3.8649225
1387.53 4.0011797
1386.82 4.0671277
1386.11 4.087365
1386.11 3.8501344
1386.11 4.3423705
1385.4 4.0468698
1385.4 3.62846
1385.4 4.076829
1384.69 4.190061
1383.98 3.5902414
1383.98 3.6184924
1383.27 3.9141119
1374.03 3.3620753
1374.03 3.5638907
1373.32 3.5854743
1373.32 4.1256065
1372.61 4.1113143
1369.06 3.9837427
1369.06 4.3333163
1368.35 3.386209
1368.35 4.3525305
1367.64 3.676134
1366.22 3.92255
1365.51 4.2834826
1365.51 4.3541956
1364.8 3.677856
1364.8 4.1153116
1360.54 4.4698806
1359.83 4.065813
1359.83 4.2349696
1359.13 4.348103
1359.13 4.3972774
1358.42 4.4924097
1358.42 4.4794493
1357.71 4.1521745
1355.58 4.359328
1354.16 4.297843
1352.03 4.3065963
1352.03 4.164322
1351.33 3.9716384
1351.33 4.3623824
1349.2 4.363509
1348.49 4.4196844
1348.49 4.0631356
1348.49 4.55453
1347.78 4.2343082
1347.78 4.3002276
1345.65 4.3651867
1345.65 4.331829
1344.95 4.241457
1344.95 4.3031797
1344.95 4.210757
1344.24 4.450483
1344.24 4.3374767
1342.82 4.2617054
1342.11 3.965826
1342.11 4.2805634
1342.11 4.193903
1342.11 3.8785763
1341.4 4.3117447
1341.4 4.441902
1341.4 3.7908907
1340.69 4.395347
1335.73 4.4307404
1335.03 4.2008123
1335.03 4.449448
1335.03 4.142801
1333.61 4.2281675
1333.61 4.363135
1332.9 4.0996227
1332.9 4.3008947
1332.19 4.343484
1332.19 3.7638998
1331.48 4.4239693
1331.48 4.51668
1331.48 4.115612
1329.36 4.1736326
1326.52 4.6017017
1325.81 4.5042596
1325.81 4.39712
1325.81 4.390382
1325.81 4.308175
1325.1 4.6959944
1325.11 4.3357406
1325.1 4.7918067
1319.44 4.759459
1318.73 4.5645614
1318.73 4.7144403
1318.02 4.661752
1318.02 4.310358
1318.02 4.857071
1286.1 3.9976056
1286.1 4.6731987
1285.39 4.343195
1285.39 4.2701454
1284.67 4.5147834
1284.67 4.992956
1283.96 4.420624
1277.57 4.2743964
1277.57 3.770945
1277.57 4.478497
1276.86 4.2391276
1274.01 4.0170355
1274.01 4.2600274
1273.3 4.182583
1273.3 4.0892444
1272.59 4.182424
1271.88 3.9791193
1271.88 4.1027026
1261.91 4.2873755
1261.91 3.7973175
1261.2 3.9652565
1261.2 3.634219
1256.93 3.830535
1256.21 3.9977567
1256.21 4.0170074
1256.21 4.001169
1251.98 3.9344785
1251.98 4.1311216
1251.98 4.0803943
1251.27 3.8401055
1244.82 3.8106165
1244.82 3.9123757
1244.1 4.071042
1244.1 3.9954364
1243.38 4.0488195
1243.38 4.0860815
1239.79 4.243243
1239.08 3.6938105
1238.36 3.7452698
1238.36 3.891086
1238.36 4.070604
1238.36 4.1592817
1238.36 3.7423048
1234.77 4.241599
1234.05 4.3482194
1234.05 4.005469
1234.05 4.3932567
1234.05 3.854512
1231.9 4.2668858
1229.03 4.1188173
1224.71 4.2942667
1223.99 4.1273723
1223.99 4.4174757
1223.28 4.5890527
1223.28 4.3827896
1221.12 3.5533051
1221.12 4.27716
1221.12 4.2656307
1220.4 4.3629637
1220.4 4.07484
1220.4 4.033892
1219.68 4.4218073
1219.68 4.371951
1217.52 4.24963
1217.52 4.1297584
1217.52 4.400628
1216.8 4.117168
1216.08 4.224096
1216.08 4.2033806
1211.05 4.018092
1210.33 4.1177163
1210.33 4.042057
1210.33 4.390422
1207.45 4.3733673
1206.73 4.044965
1206.73 3.9695332
1206.73 3.8170958
1204.57 3.9613564
1204.57 3.9707544
1203.85 4.1936483
1190.16 4.314216
1189.44 4.187614
1189.44 3.8645477
1189.44 4.1185813
1188.72 4.1214557
1184.4 4.016191
1184.4 4.3459973
1183.68 3.9540117
1183.68 3.7303226
1182.96 4.0087276
1182.96 3.57917
1182.24 3.7963386
1182.24 4.0967894
1182.24 3.6139045
1182.24 3.7111342
1181.52 3.7494807
1179.36 3.913286
1178.63 4.099395
1178.63 3.5314481
1178.63 3.5967093
1178.63 3.551609
1174.31 4.1816616
1173.59 4.098491
1173.59 4.1072574
1173.59 4.2546177
1172.87 4.335996
1172.87 4.581724
1172.15 4.0937133
1171.43 4.5043406
1170.71 4.3245463
1170.71 4.353995
1169.98 4.0573506
1169.98 4.359966
1169.26 4.481004
1168.54 4.281389
1168.54 4.2421675
1155.57 4.5371866
1155.57 4.545006
1154.85 4.439948
1154.85 4.757092
1154.13 4.562874
1154.13 4.663524
1153.41 4.435513
1153.41 4.303363
1152.69 4.329748
1151.97 4.6340346
1151.97 4.4241805
1151.25 4.4371104
1150.52 4.371642
1150.52 4.942198
1149.8 4.3741164
1149.8 4.746698
1149.08 4.4184203
1149.08 4.618213
1149.08 4.5403585
1148.36 4.4285088
1148.36 4.776989
1147.64 4.308577
1146.92 4.474804
1146.92 4.4951334
1146.2 4.5739317
1146.2 4.581693
1145.48 4.8381686
1144.04 4.4064703
1143.32 4.5249267
1143.32 3.6370804
1143.32 4.4094734
1142.6 4.3026953
1142.6 5.0130563
1141.88 4.8700924
1127.48 4.6499033
1126.76 4.3874364
1126.76 4.444281
1126.76 4.4971504
1126.04 4.55406
1124.6 4.475426
1123.88 4.524665
1123.88 4.644837
1123.88 4.5241237
1123.16 4.7982187
1113.81 4.951432
1113.09 4.6456366
1113.09 4.8369675
1113.09 4.5257387
1113.09 5.0148993
1112.37 4.909687
1112.37 4.596088
1097.99 4.3402934
1097.28 4.6894894
1097.28 4.534231
1096.56 3.955036
1096.56 4.688729
1096.56 4.6682096
1093.7 4.528755
1093.7 4.800892
1092.98 4.326007
1092.98 4.6295233
1092.98 4.677113
1092.27 4.1515574
1091.55 4.722272
1091.55 4.684928
1090.83 4.281924
1090.83 4.889386
1090.12 4.781689
1090.12 4.549193
1090.12 4.9059772
1087.26 4.3513894
1087.26 4.9432445
1087.26 4.6912794
1086.54 4.854787
1086.54 4.4877024
1085.83 4.515696
1085.83 4.212671
1085.11 4.543875
1055.8 4.503201
1055.8 4.610093
1055.09 4.2784524
1055.09 4.453123
1055.09 4.6017637
1054.38 3.9976861
1054.38 4.3539453
1054.38 3.862904
1047.95 4.545758
1047.95 3.9010794
1047.23 4.072727
1047.23 4.2991934
1047.23 4.290939
1045.81 4.349436
1045.81 4.0814104
1045.81 3.9092977
1045.09 3.7886972
1045.09 4.12677
1044.38 4.3546033
1044.38 4.2441435
1041.52 3.9926467
1040.81 4.0162745
1040.81 3.8529856
1040.81 3.807435
1040.09 3.874104
1040.09 3.880167
1039.38 4.040876
1038.67 3.8857343
1038.67 4.065548
1038.67 3.6756032
1037.24 4.019861
1037.24 4.120003
1037.24 4.2782307
1036.52 3.8647358
1015.82 4.0603256
1015.11 4.372448
1015.11 4.521878
1015.11 4.4134984
1014.39 4.1260233
1014.39 4.05271
1012.96 4.198973
1012.96 4.3071895
1012.96 4.4544
1012.25 4.505426
1010.11 4.1377716
1010.11 4.2949367
1010.11 4.3549433
1009.39 4.0184517
1009.39 4.2412148
1008.68 4.2152495
1007.97 4.4803505
1003.68 3.996385
1003.68 4.2801423
1002.97 4.149665
1002.25 4.218289
1002.25 4.3329372
1002.25 4.4970884
1001.54 4.4162216
1000.82 4.5023394
1000.83 4.0701294
1000.11 4.179612
1000.11 4.448244
1000.11 4.2408533
999.4 4.2869854
997.97 4.477742
997.25 4.362218
997.25 4.4586163
996.54 4.525469
996.54 4.485092
995.83 4.3847322
995.11 4.707614
983.68 4.517581
967.95 4.0396013
962.95 4.013411
962.24 3.9922357
962.24 4.21456
962.24 3.8932834
961.52 4.504063
961.52 4.4974246
959.37 4.3124027
951.49 5.036678
951.49 4.363987
950.77 4.643967
950.77 4.917622
947.91 4.713487
945.76 4.6424584
945.04 4.578716
945.04 4.810864
944.32 4.5801897
944.32 4.425587
943.61 4.0829577
942.17 4.683556
937.87 4.691581
937.87 4.8322487
937.15 4.6852813
937.15 4.618252
901.97 4.1443534
901.25 3.8687212
901.25 4.113192
900.53 4.174924
891.18 3.7819166
891.18 4.045769
891.18 4.5001655
891.18 4.1591673
891.18 4.156022
890.46 4.185422
881.83 4.3262124
881.83 3.7545695
881.83 4.5408645
881.83 4.0419784
881.11 4.489272
876.08 3.9388275
876.08 4.1594834
875.36 4.044756
875.36 3.6570463
874.64 4.06618
874.64 4.3005314
873.92 3.8924432
868.88 3.916214
868.88 4.1729307
868.16 4.0803695
868.16 3.8917742
866.72 4.388524
866.0 3.8419993
866.0 4.1376324
866.0 3.9108143
866.0 4.155422
865.28 3.7066066
864.56 4.012709
854.48 4.3904543
854.48 4.6087284
853.76 4.3621736
853.76 4.508307
853.04 4.2450137
853.04 4.269184
852.32 4.271022
852.32 4.519032
852.32 4.453774
852.32 4.1656027
851.6 4.4639454
851.6 4.6482635
850.88 4.7522035
849.44 4.4415627
848.72 4.5543337
848.72 4.3713274
848.0 4.4668226
848.0 4.618066
847.28 4.355059
847.28 4.2327566
846.56 4.3495793
836.48 4.6965632
834.32 4.6937294
833.6 4.694208
833.6 4.5591226
833.6 4.5698204
822.8 4.815186
822.8 4.846559
822.8 4.965698
822.8 4.8215103
818.49 4.5966983
818.49 4.4405212
818.49 4.293704
818.49 3.7776368
818.49 4.347681
811.28 3.8400733
810.56 4.090648
810.56 3.6750364
809.84 3.9407358
809.84 4.1729584
809.84 3.8779638
809.12 3.8397481
809.12 3.9636078
806.23 3.94305
796.86 4.044525
796.86 4.238703
796.14 3.9506953
796.14 4.1498346
796.14 3.8528976
795.42 4.2580214
794.7 4.7959337
794.7 4.4381657
793.98 4.561845
793.98 4.1373024
793.26 3.9787705
792.54 4.391309
791.82 4.3410025
791.82 4.7093763
791.1 4.6267967
780.3 4.952919
779.58 4.8619924
779.58 4.78437
779.58 4.6595373
778.86 4.793064
778.86 4.993335
775.26 4.45066
775.26 4.520017
774.54 4.8187513
774.54 4.840353
773.82 4.7831397
773.82 4.7464113
773.82 4.849626
773.1 4.8149533
769.5 4.2791033
768.78 4.7374187
767.35 4.4984493
765.19 4.610714
765.19 4.6862454
764.47 4.879606
764.47 4.6871896
764.47 4.148661
763.75 3.8844085
763.03 4.2138557
763.03 4.1377573
763.03 4.436178
762.31 4.6742864
760.16 4.3222475
752.98 4.37218
752.98 4.3833528
752.26 4.0219026
752.26 4.923411
752.26 4.423569
751.54 4.236343
751.54 4.013202
751.54 4.2266436
750.83 3.6784368
750.82 4.3536954
750.11 4.353344
749.39 4.2072253
746.52 3.894008
745.8 4.37266
745.08 4.765902
745.08 4.0818605
745.08 3.9295726
741.5 3.870049
741.5 3.7960954
741.5 3.552291
740.78 4.2297673
740.78 4.105513
740.07 4.1834154
740.07 4.3876004
739.35 3.850534
737.92 4.1069355
737.2 4.1921372
737.2 4.6029773
737.2 3.848188
735.77 3.9449751
735.77 3.9809911
735.77 3.9381654
735.77 4.470432
735.05 3.9757144
734.33 3.9284198
734.33 4.007767
733.62 3.905656
733.62 4.222629
732.19 3.9717233
732.18 4.0296702
731.47 4.486237
731.47 3.9208424
725.03 3.6912785
725.03 4.658441
725.03 4.2108016
724.31 4.273486
722.17 4.525474
721.45 4.1396246
721.45 3.8373468
720.74 4.230355
717.88 3.8850596
717.88 4.126129
717.16 4.4549947
717.16 4.014906
712.16 3.966022
712.16 3.8334243
712.16 4.0707316
711.45 3.9421906
710.02 4.003008
709.31 3.8818023
709.31 4.0300226
708.59 3.5868835
708.59 3.9815993
707.17 3.6677818
707.16 4.005821
707.17 3.6109204
706.45 3.936738
697.89 4.295967
697.18 4.309816
697.18 4.1839657
697.18 4.170396
696.47 4.429158
695.76 4.0045857
695.76 4.185855
695.04 4.207558
695.04 4.3871026
694.33 4.073573
691.48 4.3622212
691.48 4.2344074
685.79 4.270506
685.08 4.2782397
685.08 4.2518945
684.36 4.2477455
676.51 4.637679
675.8 4.235052
672.97 4.489041
672.26 4.4309487
672.26 4.4302444
672.26 4.51139
672.26 4.6006055
672.26 4.770459
671.55 4.058865
671.55 4.7608333
671.55 4.0779076
669.43 4.551497
669.43 4.6297965
668.72 4.445587
668.72 4.5230045
665.89 4.5283895
665.19 4.736915
665.19 4.3419604
664.48 4.5685234
663.77 4.406893
663.06 4.749894
663.06 4.8049974
663.06 4.2683935
658.82 4.303366
658.82 4.12317
658.12 4.319692
650.35 4.297727
649.64 4.291873
649.64 4.090025
649.64 4.6245317
648.93 4.43531
648.23 4.0769787
647.52 4.250767
647.52 4.2342954
646.82 3.800343
646.11 4.4051147
643.28 4.515215
643.28 4.524541
642.58 4.1941943
642.58 4.316601
642.58 4.4772577
638.34 4.2122264
638.34 4.183388
638.34 4.8529243
637.64 4.5194907
637.64 4.4032354
635.52 4.0752177
635.52 3.8788347
624.94 3.9954793
624.94 3.939327
624.94 3.66688
624.23 3.4722173
623.52 3.9552171
623.52 4.184271
623.52 3.960182
622.82 3.9179385
622.82 4.0188627
622.11 4.231792
622.11 3.9591424
612.23 3.9206836
612.23 4.476904
609.41 4.0648565
609.41 3.7897289
609.41 4.1333275
609.41 4.206814
608.7 3.9408312
601.64 4.1361914
601.64 4.2879033
600.94 3.94775
591.05 4.8326035
590.34 4.8196683
590.34 4.6687784
589.63 4.5655236
588.93 4.3148026
587.51 4.169974
587.51 4.4980464
587.51 4.095132
586.81 4.286808
586.81 3.916298
586.1 4.2715554
586.1 4.677333
585.39 4.1090283
579.03 4.5331216
578.32 4.9759355
578.32 4.7884855
578.32 4.1332765
577.61 4.3447366
577.61 4.371836
569.83 4.467367
569.12 4.389935
569.12 4.618682
569.12 4.8636737
568.41 4.396381
566.99 4.4522457
554.94 4.229103
554.23 4.028748
554.23 3.9613175
554.23 3.9691405
553.52 4.1100755
553.53 4.0726767
552.82 4.204226
552.82 4.107716
546.43 4.0296125
546.43 4.159121
545.72 4.603996
545.72 4.2167892
543.58 4.1022367
543.58 4.1465034
542.87 3.58737
542.16 3.998485
542.16 4.0322804
542.16 4.0320473
542.16 3.8948421
541.45 4.0756326
538.61 3.9165397
538.61 3.9879057
538.61 4.1874537
537.9 3.8686743
537.9 3.3985105
537.19 3.9197862
535.09 3.78422
534.38 3.5859575
534.38 4.486934
534.38 4.531911
534.38 3.8643575
533.67 3.7700896
533.67 4.0733123
533.67 4.2688627
532.24 4.08922
532.24 3.7482884
531.52 3.7875822
531.52 4.27239
530.81 4.0317364
528.66 4.472052
527.95 4.427264
527.95 4.6213818
527.95 4.7780533
527.23 4.7104077
527.23 4.6399574
527.23 4.8188734
526.52 4.6121435
525.8 4.242346
525.8 4.163324
525.08 4.677281
524.37 4.188654
524.37 4.4563985
522.22 4.3462324
522.22 4.381459
522.22 4.428373
521.51 4.5468674
519.36 4.553164
519.36 4.008356
518.64 4.171793
518.64 4.457632
517.93 4.3312984
517.21 4.255985
517.21 4.368039
516.5 4.6436524
512.91 4.374163
509.33 4.1060286
509.33 4.721505
508.61 3.9086998
508.61 4.696757
507.9 4.646173
507.9 4.6210527
507.9 3.8554149
506.46 4.3955617
506.46 4.267191
505.75 4.475927
505.75 3.994268
505.03 3.8911564
502.88 3.8808024
502.88 4.114228
502.88 4.16587
502.16 4.142317
498.57 4.0347724
497.86 4.064187
497.86 4.203902
494.99 4.090587
492.12 4.068601
491.4 3.759673
487.09 4.4984374
486.37 4.615087
486.37 4.637881
486.37 4.3780274
486.37 4.3956223
485.65 4.508367
474.88 4.327845
474.88 4.418928
474.16 4.249008
474.16 4.6525135
474.16 4.489978
473.44 4.526827
473.44 4.175502
472.73 4.549563
472.01 4.31385
471.29 4.4665546
471.29 4.5650015
471.29 4.5101705
470.57 4.4039936
469.85 4.7423058
469.85 4.654952
469.85 4.3633165
469.13 4.5181165
469.13 4.6078043
466.98 4.302027
466.98 4.8483176
466.26 4.4401402
466.26 4.7874784
461.23 4.441971
461.23 4.4897346
461.23 4.581128
460.51 4.064403
456.92 3.996222
456.2 4.472141
456.2 4.4629087
456.2 4.0369806
455.48 4.3035674
454.76 4.1476445
454.76 3.797214
451.17 3.8195152
450.45 3.4892957
449.73 3.652705
449.01 3.800058
449.01 3.6299207
445.42 3.5315015
443.98 3.36365
443.98 4.0085616
443.27 3.9792132
443.27 4.0497837
439.67 3.8845239
439.67 3.851343
438.96 4.390165
438.96 3.8469489
436.8 4.210415
436.08 4.3800917
436.08 3.902026
435.36 4.546522
435.36 4.150326
434.65 4.1203356
433.93 3.8575804
433.21 4.226512
433.21 4.476042
432.49 4.2183933
421.0 3.7804809
420.29 4.1333876
420.29 3.995536
420.29 4.1536264
420.29 4.2807426
420.29 4.030135
419.57 4.0078106
419.57 3.5999951
418.85 3.9152868
418.85 3.8874488
418.13 4.2779255
410.96 4.435857
410.24 4.274916
410.24 4.201411
410.24 4.1447115
409.52 4.125117
409.52 4.285201
408.81 4.422042
408.81 3.8098657
408.09 4.144132
408.09 4.0744386
407.37 4.0910363
400.21 4.113942
399.49 4.082637
399.49 4.2600403
399.49 4.601098
398.77 4.828452
398.77 4.460104
398.77 4.2618628
398.06 4.0923076
388.72 4.4353824
388.01 4.815655
388.01 4.8683596
387.29 4.887276
387.29 4.8318734
386.58 4.9255385
386.58 4.51503
386.58 4.8169866
385.87 4.832851
382.3 4.841338
381.59 4.752829
381.59 4.7969813
380.88 4.6530285
380.88 4.7947946
380.88 4.957255
380.16 4.779528
380.16 4.6285396
363.06 4.5537515
356.66 4.224373
355.94 4.2807593
355.94 4.447561
355.94 4.577072
355.23 4.676608
352.39 4.4038568
351.67 4.1310062
351.67 4.826805
350.96 4.5005527
348.12 4.6396246
345.27 4.1677117
338.16 4.1026816
338.16 4.220222
338.16 4.6164165
337.45 4.196748
337.45 4.2944517
336.74 4.29552
336.02 4.451462
335.31 4.447661
335.31 4.03623
334.6 4.330107
334.6 4.1594834
333.89 4.073134
333.89 4.164033
331.76 3.9192147
331.05 4.058487
331.05 4.1139393
330.34 3.902961
330.34 3.943115
329.62 4.146834
319.67 4.164863
318.96 4.064278
313.27 3.8042166
313.27 4.0975714
313.27 3.5129147
312.56 3.8179467
312.56 3.818072
312.56 3.8050263
311.85 3.8281739
311.85 3.9504013
311.14 3.9333582
311.14 3.9250734
311.14 3.8976054
310.43 3.648825
305.45 3.7354016
304.74 3.5186727
304.74 3.984353
304.74 3.6788287
304.74 3.7157218
303.32 3.7741044
302.6 3.5805316
302.6 3.7868013
302.6 3.6680777
302.6 3.6993604
301.89 4.018359
301.89 3.2387168
301.18 3.7122688
301.18 3.7026217
300.47 3.5269086
298.34 3.529768
298.34 4.059717
297.63 3.559919
297.63 3.7503812
278.41 4.452157
278.41 4.0298805
278.42 3.8913195
277.7 3.9771287
276.99 4.0542154
276.99 4.4980545
276.28 4.4772406
276.28 4.0194488
276.28 3.856838
271.29 4.393911
271.3 4.2438507
271.3 4.128632
270.58 4.2793117
270.58 3.862614
270.58 3.6496887
269.87 4.242178
265.6 4.1580634
265.6 3.9452064
264.88 4.1734567
264.88 3.8758755
264.88 4.0063276
264.17 4.1002183
263.46 4.0501795
263.46 4.3571405
262.75 4.096744
262.03 3.56112
262.03 4.1725802
262.03 3.8893468
261.32 3.7570605
261.32 4.1657453
261.32 3.6890028
261.32 4.057068
259.9 3.9058692
259.9 4.052536
259.18 4.183042
259.18 4.159323
258.47 3.909067
258.47 4.067545
257.76 3.8361769
252.05 3.931912
251.34 4.5078473
251.34 4.1270504
250.64 4.27079
249.93 4.1506143
249.22 4.5566344
249.22 3.8428833
237.78 4.3772817
237.78 3.7801435
237.78 4.452592
237.06 4.3733406
237.06 4.1664476
237.07 4.1405354
236.35 4.244639
236.35 4.2924585
236.35 4.1202927
235.63 4.6652217
235.63 4.231207
234.92 4.1474447
234.92 3.9866421
234.2 4.2460256
234.2 4.0275235
233.49 4.0702424
232.77 4.1692696
232.77 4.298345
232.77 4.256667
232.77 4.0548563
232.06 4.067497
229.2 4.481746
229.2 4.2829533
228.48 4.1975946
228.48 4.310109
228.48 4.4573035
228.48 4.307659
228.48 4.529084
228.48 3.9089715
227.76 4.1646485
227.76 4.737857
227.76 4.055777
226.33 4.1312747
225.62 4.494012
225.62 4.286323
225.62 4.381928
225.62 4.7574263
224.9 4.492088
224.19 4.4723697
224.19 4.717306
223.47 4.758704
220.6 4.936258
220.61 4.587038
220.61 4.67104
219.89 5.307069
219.89 4.638139
219.89 4.6698465
217.02 4.6543875
216.31 4.601271
216.31 4.3420963
215.59 4.7273216
201.97 4.7429037
201.97 4.559706
194.8 4.271335
194.08 4.18253
194.08 3.9264154
194.08 4.206885
193.36 4.165237
193.36 4.360707
193.36 4.6242642
192.65 4.14751
192.65 3.9210017
192.65 4.248648
191.93 4.074481
191.93 4.1966214
191.93 4.2527966
184.03 4.048175
183.31 4.3053265
183.31 4.2539396
182.6 4.2774386
182.59 4.5975213
181.88 4.059157
180.44 4.1013947
179.72 4.516621
179.72 4.3223853
179.72 4.5326576
177.57 4.399689
177.57 4.435121
176.85 4.32649
176.13 4.0286994
175.41 4.560643
175.41 4.598056
174.69 4.491938
154.57 4.286246
154.57 4.6322765
154.57 4.971786
153.85 4.467205
153.85 4.184779
153.85 4.803675
153.85 4.6547356
153.85 4.7255263
151.69 4.642062
149.53 4.6714363
149.53 3.9066002
149.53 4.4689794
148.81 4.493513
147.37 4.6093187
147.37 4.5980015
146.65 4.6491237
146.65 4.4558697
146.65 4.591057
146.65 4.612771
145.93 4.440343
145.21 4.81229
145.21 4.389121
144.49 4.6460643
143.78 4.371937
143.78 4.704638
140.18 4.47933
136.58 4.3479366
136.58 5.031124
136.58 4.2290883
135.86 4.8692656
132.98 5.018502
132.98 4.7541943
132.98 4.446149
132.98 4.698929
127.22 4.5866485
127.22 4.6713896
126.5 4.365834
125.06 4.3566413
114.99 4.7805023
114.27 4.6666403
114.27 4.5900135
114.27 4.5902643
114.27 4.5845995
112.11 4.5108624
111.39 4.397836
111.39 3.962448
111.39 4.450857
111.39 4.583035
110.67 4.414866
110.67 4.900192
110.67 4.591353
98.43 4.2452097
96.27 4.30575
96.27 4.1574564
95.55 4.453524
95.55 3.8595781
92.67 3.894786
91.95 4.208698
91.95 3.9948
91.23 4.0291376
90.51 4.1102695
90.51 3.9257436
81.15 3.6652296
61.72 3.859403
61.0 3.8378346
61.0 3.7624543
55.25 4.199233
54.53 4.2896748
53.81 4.0131984
53.81 4.355383
53.1 4.311634
53.1 4.301195
45.91 4.3570337
43.75 4.4322195
43.75 4.2601633
43.04 4.5520306
43.04 4.4830227
42.32 4.7797904
41.6 4.4721446
41.6 4.4438357
41.6 4.9142027
32.27 4.9022374
31.55 4.8517065
31.55 4.6027794
31.55 4.8488307
31.55 4.8525867
30.84 4.786128
26.53 4.5488224
26.53 4.5884023
26.53 4.798141
25.82 4.5693674
22.95 4.6322846
22.95 4.6329603
22.95 4.454125
22.24 5.2435994
22.24 4.5803976
21.52 4.9275365
21.52 4.5045643
20.81 4.4194517
20.81 4.4544954
15.81 4.8078465
8.0 4.3998694
4.56 4.7668757
3.9 4.85009
3.9 4.7063675
3.27 5.129309
3.26 4.3827744
2.66 4.560417
2.66 4.5366435
2.66 4.0552607
2.13 3.6991272
2.15 4.515833
2.13 4.044392
1.77 4.6024585
