0.18 1.4461696
0.18 1.5897685
0.88 1.4549323
0.88 1.0234609
8.77 1.5144367
8.77 1.728635
9.49 1.2858311
9.49 1.8252313
12.36 1.6396109
12.36 1.5069144
13.08 1.6773992
13.08 1.6518973
16.67 1.6993228
17.38 1.4484004
17.38 1.6972256
18.13 1.8082592
18.12 1.5481348
20.99 1.6122063
20.99 1.122677
25.28 1.622206
26.0 1.7376968
26.72 1.5364776
26.72 1.8908615
27.43 1.7577878
27.43 1.6294888
29.58 1.8050424
31.73 1.6628208
31.73 1.7256317
31.73 1.2422659
31.73 1.4083694
31.73 1.7344044
31.73 1.7257037
32.44 1.2399795
32.44 1.362098
33.87 1.6048108
33.87 1.6051258
34.59 1.8094541
34.59 1.7879812
36.02 1.7739508
36.02 1.6886544
36.74 1.5436026
36.74 1.7878453
36.74 1.8997523
39.6 1.5864629
40.31 1.6559681
40.31 1.6326048
40.32 1.8092444
46.75 1.6144581
46.75 1.6523746
47.47 1.81473
47.47 1.7334056
51.76 1.6265358
52.48 1.6016588
52.48 1.7461671
53.19 1.6172247
53.19 1.7170312
53.19 1.890182
53.91 1.64065
53.91 1.6345146
59.63 1.782598
62.49 1.6022105
62.49 1.5582086
63.21 1.741895
63.21 1.7147249
63.92 1.674425
66.07 1.8630948
66.79 1.5478296
66.79 1.3551029
67.5 1.7776021
68.22 1.8950921
68.22 1.8901961
68.22 1.6518326
70.36 1.7007349
70.36 1.6810956
71.08 1.8562543
71.08 1.5213542
71.08 1.609442
71.79 1.6458244
71.79 1.7380925
71.79 1.6273038
71.79 1.5666959
72.51 1.4053074
72.51 1.7424688
73.22 1.7747351
73.22 1.4830985
73.22 1.3443018
74.65 1.5454383
74.65 1.7237308
74.65 1.4915729
75.37 1.1546435
83.24 1.5956037
88.24 1.5786579
88.24 1.469641
88.24 1.3265362
88.24 1.721659
88.96 1.7537467
88.96 1.5945654
89.67 1.5241461
89.67 1.3947861
89.67 1.6651385
90.39 1.6251488
93.25 1.7395773
93.25 1.565542
93.96 1.2008045
93.97 1.6235678
93.97 1.8138139
94.68 1.637041
98.26 1.7667923
98.97 1.6645886
98.97 1.3909819
98.97 1.6132578
99.69 1.4975915
101.12 1.5280278
101.12 1.8463178
101.83 1.4238727
101.83 1.6542467
103.26 1.5927092
103.26 1.3930031
103.26 1.6418272
103.98 1.7451522
107.56 1.6534669
107.55 1.4592834
108.27 1.5545689
108.27 1.6092905
108.99 1.8063179
108.99 1.717736
109.7 0.9576634
109.7 1.5608824
109.7 1.5054127
109.7 1.6400054
110.42 1.5391486
111.13 1.4833599
111.13 1.5971427
113.99 1.3602914
114.71 1.7075298
114.71 1.8390971
114.71 1.6338677
116.14 1.8867133
116.14 1.2621256
116.85 1.6250298
116.85 1.4551406
117.57 1.569746
117.57 1.4992855
119.0 1.7896607
119.0 1.8192325
119.72 1.4782584
119.72 1.7887928
120.43 1.6934782
129.02 1.8469108
140.46 1.4697909
142.61 1.7815018
143.33 1.7384076
143.32 1.5234107
143.33 1.800808
144.76 1.6838379
144.76 2.0694883
145.47 1.7129914
145.47 1.6350296
150.48 1.7696134
150.48 2.1979036
150.48 1.715595
150.48 1.7040473
152.63 1.421819
154.77 1.6333847
154.77 1.6855173
154.77 1.4795952
154.77 1.5158699
155.49 1.7179741
157.64 1.5098882
158.35 1.5986267
158.35 1.5637772
158.35 1.7936646
168.36 1.5615999
169.08 1.4975376
169.08 1.6502678
169.8 1.6118066
171.95 1.7262858
172.67 1.6977692
172.67 1.5465112
173.39 1.5883417
173.39 1.7894629
175.54 1.6914762
175.54 1.3714769
175.54 1.5102032
176.26 1.7704129
176.26 1.4733043
177.69 1.5794036
177.69 1.5895711
177.69 1.5652931
177.69 1.6262151
178.41 1.6894859
178.41 1.496983
179.13 1.6589035
179.13 1.5519634
184.15 1.5438554
184.87 1.6745111
184.87 1.8074794
185.58 1.6680999
185.58 1.5471681
191.32 1.6219814
192.04 1.747144
192.04 1.4406012
192.04 1.4665133
198.5 1.8066484
199.22 1.8228422
199.21 1.4379101
199.22 1.834731
199.93 1.7595155
199.93 1.5763274
199.93 1.5343935
200.65 1.8119613
200.65 1.2548879
212.13 1.7627627
212.13 1.8445562
212.13 1.8068277
212.84 1.8178848
212.84 1.9215727
212.84 1.9580052
219.29 1.6860003
222.88 1.2617682
222.88 1.6149961
226.46 1.9042802
232.19 1.5588124
232.19 1.3813779
232.91 1.6333561
232.91 1.6986545
233.62 1.1815842
233.62 1.5457635
233.62 1.5434746
234.34 1.3923215
235.06 1.6368561
235.06 1.4648324
235.77 1.2064167
235.77 1.7195512
236.49 1.5937594
237.2 1.1031158
237.21 1.6777556
237.21 1.5217302
237.92 1.5308328
237.92 1.5106783
237.92 1.3170673
240.79 1.2952391
241.5 1.2708032
241.5 1.3300354
241.5 1.3011135
241.5 1.5254301
242.22 1.4391395
245.08 1.3331598
245.8 1.1222543
245.8 1.4325889
246.51 1.4340436
246.51 1.38309
246.51 1.303105
246.51 1.1765424
247.23 1.2149097
247.23 1.394632
247.94 1.3716236
248.66 1.451106
248.66 1.3972912
248.66 1.2737105
249.37 1.2306907
250.09 1.4089818
250.81 1.3751736
250.81 1.3281276
250.81 1.4601215
252.95 1.2790532
252.95 1.3288753
253.67 1.2404662
253.67 1.437073
253.67 1.4015454
263.68 1.3716428
278.68 1.3413242
279.4 1.342345
279.4 1.4870046
287.96 1.6646767
287.96 1.7624427
287.96 1.5350964
287.96 1.5670099
287.96 1.7622374
288.68 1.6814808
296.52 1.5838763
296.52 1.6341279
297.24 1.6280279
300.09 1.8737473
300.09 1.796229
300.8 1.7865229
300.8 2.0640807
300.8 1.9503399
301.51 1.9572989
303.65 1.7743425
304.4 1.9628016
304.4 1.5746447
320.73 1.5493883
320.73 1.5844053
321.44 1.3623685
323.57 1.5652912
323.57 1.6623889
323.57 1.5832822
323.57 1.6720207
324.28 1.5869426
324.99 1.639261
325.7 1.6421211
325.7 1.6043882
326.4 1.4919792
326.4 1.5818497
326.4 1.4780308
327.11 1.6270397
328.53 1.6768012
328.53 1.7597612
328.53 1.167891
328.53 1.6602659
335.63 1.6395972
336.34 1.6169937
336.34 1.5678829
336.34 1.5963084
337.04 1.7830065
337.04 1.5584922
337.04 1.4702165
337.75 1.6137954
344.14 1.5593241
344.14 1.5157522
344.85 1.561856
344.85 1.5463808
351.23 1.7347084
354.07 1.3672369
354.07 1.6475012
354.07 1.4433312
354.78 1.643521
357.61 1.5438054
358.32 1.6199019
358.32 1.6469656
358.32 1.7399056
358.32 1.6249278
364.0 1.643376
364.71 1.6433414
364.71 1.5514139
365.42 1.9644477
365.42 1.1673415
366.13 1.6404887
366.13 1.592422
366.84 1.7674897
366.84 1.7626733
367.55 1.7366264
367.55 1.749502
368.26 1.5836486
368.26 1.8088992
368.26 1.4892437
368.97 1.7125901
368.97 1.7107852
369.68 1.7976543
369.68 1.4833213
371.81 1.6846756
371.81 1.8278009
372.52 1.8986953
372.52 1.7059993
373.23 1.6800538
373.23 1.4189706
373.23 1.6606952
373.94 1.7939171
373.94 1.7107741
374.65 1.7038834
374.65 1.7284981
375.36 1.5234894
376.07 2.007146
376.78 1.5909691
376.78 1.6952969
376.78 1.8176154
377.49 1.6837808
377.49 1.6480331
378.2 1.7246015
378.2 1.7328126
378.91 1.8907591
381.75 1.6645379
381.75 1.624417
382.46 1.7486309
384.59 1.6101024
385.3 1.4370162
385.3 1.8010377
385.3 1.613596
386.01 1.6068852
386.01 1.8069466
386.72 1.7862041
396.68 1.7130502
400.23 1.7149712
400.23 1.6705395
400.23 1.5159662
400.95 1.863475
401.66 1.7425462
401.66 1.8511173
402.37 1.6025599
402.37 1.7404691
405.22 1.655085
405.22 1.7502685
405.22 1.6890926
405.93 1.5786829
405.93 1.8257297
414.48 1.2775764
415.19 1.7004399
415.19 1.7012873
420.89 1.6225241
421.61 1.6675482
421.61 1.5104353
423.75 1.679582
423.75 1.5391784
424.46 1.4952507
424.46 1.5395455
424.46 1.3695296
425.17 1.4031392
425.89 1.4997483
425.89 1.4190563
426.6 1.4148511
426.6 1.3639575
427.31 1.5513067
427.31 1.4898579
428.03 1.7850609
428.03 1.5300721
436.6 1.3697224
437.31 1.1277713
437.31 1.4612795
438.03 1.5388305
438.03 1.322056
438.03 1.3438735
438.74 1.4225236
438.74 1.5018821
443.75 1.5575442
443.75 1.5583818
445.9 1.4990456
445.9 1.482969
446.57 1.7263801
446.57 1.5229928
447.28 1.8065064
447.28 1.442825
448.0 1.670016
448.72 1.7126132
448.72 1.2283621
448.72 1.5164009
448.72 1.6945843
449.44 1.7019053
454.47 1.5380121
456.63 1.7624364
456.63 1.811545
457.35 1.6281389
457.35 1.7816038
459.51 1.6952169
459.51 1.7257036
459.51 1.7622956
460.23 1.8245649
460.95 1.7112569
461.67 1.8267462
461.67 1.7397586
461.67 1.6909386
461.67 1.4710981
462.39 1.6011668
463.11 1.7814175
463.83 1.6992371
463.83 1.9206895
463.83 1.7720518
464.55 1.2431636
468.87 1.7561948
468.87 1.6177008
468.87 1.7665312
469.59 1.5923873
470.31 1.8581077
470.31 1.6297041
471.03 1.543775
473.91 1.8284856
483.28 1.5841236
484.0 1.1943033
484.0 1.6272492
484.0 1.6260308
484.72 1.5835373
485.44 1.5943124
485.44 1.50761
486.16 1.4840016
487.61 1.4825034
491.93 1.52425
499.15 1.542529
499.15 1.4530373
499.87 1.3395149
499.87 1.1746072
499.87 1.4300457
500.59 1.3854887
503.47 1.3089621
515.02 1.5189679
515.02 1.3957368
515.74 1.5007751
516.46 1.4784518
517.18 1.4508078
517.18 1.5598733
517.9 1.5293987
528.72 1.6810803
528.72 1.6553292
528.72 1.6109186
528.72 1.583221
530.89 1.4281099
530.89 1.8542666
531.61 1.7222103
531.61 1.7780787
531.61 1.4805243
531.61 1.5808539
532.33 1.5533016
535.21 1.5883065
537.37 1.6457671
537.37 1.6754886
537.37 1.6756874
538.1 1.5475317
538.1 1.7712742
538.82 1.5441862
538.82 1.5765749
539.54 1.6006199
539.54 1.6637725
540.26 1.7519372
542.42 1.5435972
543.14 1.6557015
543.14 1.6265554
543.14 1.7118715
543.86 1.8019831
544.58 1.729916
544.58 1.3615247
544.58 1.7471751
545.3 1.8019516
546.02 1.5414413
546.02 1.6472454
546.74 1.5675277
550.34 1.3865554
552.5 1.6067376
552.5 1.8221433
552.5 1.7714661
552.5 1.5632743
553.22 1.4356138
561.14 1.6646652
561.14 1.5016401
561.86 1.4467976
561.86 1.6064639
565.46 1.5382863
565.46 1.5291566
568.33 1.409599
574.08 1.6023165
576.95 1.5916061
576.95 1.0279197
577.67 1.5168471
577.67 1.5676649
582.7 1.5804355
583.42 1.4619036
583.42 1.3610716
584.13 1.4677998
584.13 1.5653287
584.85 1.5072093
585.57 1.4657017
585.57 1.5494244
586.29 1.5664304
587.0 1.0709033
587.0 1.5569972
587.72 1.2969167
587.72 1.6431658
590.63 1.6376923
591.34 1.2054431
591.34 1.5550075
591.34 1.3253788
593.49 1.6295664
593.49 1.5007619
594.2 1.4907292
594.91 1.6112683
595.63 1.4156165
595.63 1.5002967
596.34 1.4629351
597.06 1.6383102
597.06 1.6628641
597.77 1.6377391
598.48 1.6054583
598.48 1.7022438
602.76 1.8256186
603.48 1.4782007
603.48 1.5750674
603.48 1.8689092
604.19 1.6801457
604.9 1.9041661
604.9 1.8217175
605.62 1.3138093
606.33 1.4961747
606.33 1.7000703
607.04 1.2411063
607.76 1.719596
607.76 1.7754929
607.76 1.578329
609.18 1.773219
609.89 1.6786752
609.89 1.7569677
609.89 1.8605324
613.46 1.9056215
614.17 1.7971373
619.87 1.547158
620.58 1.6236726
620.58 1.7124242
621.29 1.9760532
624.14 1.6305678
624.85 1.5810528
624.85 1.317296
624.85 1.8287998
626.98 1.6679801
627.7 1.5431851
627.7 1.5836676
632.67 1.6455806
632.67 1.7506813
633.39 1.6337702
633.39 1.6682326
633.39 1.5562825
634.1 1.3443366
634.1 1.6704187
634.81 1.6067883
639.07 1.3894598
639.07 1.5919687
639.07 1.6597354
639.07 1.667463
639.78 1.5805446
642.63 1.6167145
642.63 1.7453656
643.34 1.5632911
643.34 1.4403384
644.05 1.5215095
644.05 1.5469477
644.76 1.7212648
644.76 1.5921675
644.76 1.6587427
646.89 1.5480872
646.89 1.8177775
647.6 1.4747758
647.6 1.3504767
647.6 1.6786568
647.6 1.5684386
649.73 1.592081
649.73 1.6476294
650.44 1.5174141
650.44 1.5841814
651.15 1.5668477
651.15 1.4015993
651.15 1.5693762
651.86 1.5444683
655.41 1.670955
656.12 1.5951163
656.12 1.6563821
656.12 1.7876756
656.83 1.5684881
658.96 1.7661616
659.67 1.643435
659.67 1.5647839
659.67 1.0950317
660.38 1.6247668
665.35 1.235029
665.35 1.7180318
666.06 1.4897835
666.06 1.7962285
667.48 1.6135836
667.48 1.5886984
667.48 1.5199782
668.19 1.5390769
668.19 1.5832553
668.9 1.7798703
678.12 1.6372945
678.12 1.6232527
678.12 1.6594709
678.83 1.6822346
678.83 1.6190172
678.83 1.7475408
678.83 1.7224847
679.54 1.4537046
679.54 1.8082561
680.25 1.7318047
684.51 1.7440006
685.22 1.8155353
685.22 1.5358121
685.22 1.8706381
685.93 1.6942534
686.64 1.5962735
686.64 1.8039043
687.35 1.7188874
688.77 1.6904789
689.48 1.4988295
689.48 1.2064226
689.48 1.7602926
692.32 1.7738229
693.03 1.4709699
693.03 1.5717497
693.03 1.6061453
693.74 1.6451714
694.45 1.6278841
694.45 1.6776447
695.16 1.5293945
695.16 1.5854852
697.29 1.3881016
698.0 1.8684837
698.0 1.5435473
698.0 1.5752944
698.0 1.6965752
698.71 1.6913687
699.42 1.6938376
699.42 1.6756599
700.12 1.5445131
700.12 1.6044996
702.25 1.570865
702.25 1.6954325
703.67 1.2932931
704.38 1.625568
704.38 1.7721698
704.38 1.7557436
705.09 1.4400191
705.09 1.4597211
705.09 1.5695425
709.35 1.7448261
709.35 1.749616
710.06 1.7711102
715.03 1.7216654
715.74 1.5556238
715.74 1.5755816
715.74 1.6656514
717.88 1.5868785
717.87 1.324816
717.87 1.1333449
717.87 1.2987083
718.59 1.6732131
720.72 1.3537974
721.43 1.6251569
721.43 1.5119027
722.14 1.4176245
722.14 1.8744156
722.85 1.5578542
722.85 1.5791892
723.56 1.7744915
723.56 1.5242088
723.56 1.7203246
724.27 1.6272281
724.27 1.5683984
730.66 1.2537153
730.66 1.5367639
731.38 1.426227
731.38 1.7286117
732.09 1.7178798
732.77 1.4076836
732.77 1.497343
732.77 1.3306144
732.77 1.5658991
742.04 1.5553557
742.75 1.8142327
742.75 1.6081996
743.46 1.4473703
744.18 1.576081
744.18 1.6234852
744.89 1.6549076
745.6 1.6281326
745.6 1.6558558
745.6 1.7582896
747.74 1.6680204
747.74 1.4249685
747.74 1.6957493
747.74 0.7078929
748.46 1.6422604
748.46 1.5376532
749.17 1.583845
749.17 1.4715875
759.16 1.636344
759.16 1.7320247
759.87 1.5929334
759.87 1.6202389
759.87 1.6556481
760.58 1.6776656
760.58 1.5485705
760.58 1.5325704
762.73 1.4771242
765.58 1.655614
765.58 1.7639018
765.58 1.3751395
766.3 1.4318563
767.01 1.6974322
767.72 1.5965346
767.72 1.4707689
767.72 1.3937573
768.44 1.4748979
769.15 1.5728585
769.87 1.5018536
769.87 1.628798
773.44 1.3875437
774.15 1.5187483
774.15 1.5812116
774.15 1.5789603
774.15 1.5516229
777.01 1.555785
777.01 1.3548627
777.72 1.3968263
777.72 1.606596
777.72 1.4853629
778.44 1.5037116
784.15 1.3723062
784.87 1.4809544
784.87 1.6002108
785.59 1.7201523
785.58 1.5682282
785.58 1.2849035
786.3 1.6096305
786.3 1.4900484
786.3 1.573347
786.3 1.3153571
788.44 1.7053683
789.16 1.5325794
789.16 1.3786678
794.16 1.729023
794.16 1.3517665
794.88 1.509665
794.88 1.3501904
795.59 1.2949513
796.31 1.434505
796.31 1.3964276
797.02 1.3955616
797.74 1.3296648
797.74 1.5270005
797.74 1.3727187
797.74 1.3114613
798.45 1.5594344
799.17 1.5590519
799.89 1.6270473
799.89 1.5707377
799.89 1.5034763
799.89 1.5843747
800.6 1.3490245
800.6 1.6939859
801.32 1.4269799
801.31 1.1079527
802.03 1.6595916
802.03 1.4406213
804.18 0.96334136
804.18 1.5161306
804.89 1.2993327
804.89 1.4338951
810.62 1.4882265
810.62 1.4846171
810.62 1.5494379
811.33 1.4925447
811.33 1.5489584
819.2 1.3916472
821.35 1.3893808
822.07 1.8264809
822.07 1.313825
822.78 1.5753356
825.65 1.3982834
825.65 1.6432295
826.36 1.5346754
826.36 1.6649522
827.08 1.6866766
827.08 1.5525469
827.08 1.4618297
827.08 1.5645684
827.8 1.609277
828.51 1.6292113
828.51 1.5044763
832.09 1.6248201
834.96 1.6488656
834.96 1.3132659
841.4 1.5133128
841.4 1.4200888
842.12 1.5051625
842.12 1.3911164
842.12 1.5969067
850.71 1.5622313
851.43 1.5488186
851.43 1.5135434
851.43 1.586874
852.14 1.4335501
852.14 1.542397
852.14 1.3829482
852.14 1.4493413
852.14 1.4439085
853.58 1.5736952
854.29 1.5992672
854.29 1.628783
854.29 1.7231317
855.01 1.5277867
855.01 1.4990487
855.73 1.4012408
856.44 1.539715
857.16 1.7259383
857.16 1.4522533
857.87 1.4966884
857.87 1.4896677
858.59 1.6129403
858.59 1.4935768
858.59 1.5868196
860.74 1.5931715
861.46 1.3431101
861.46 1.6979482
862.17 1.4382342
862.89 1.49517
862.89 1.2835497
862.89 1.3434069
863.61 1.6101705
882.23 1.7883239
882.95 1.3764151
882.95 1.3163736
882.95 1.716201
883.67 1.8172684
884.38 1.5575136
885.1 1.5172964
885.1 1.7837723
885.1 1.6097307
885.1 1.7405131
887.24 1.6210862
887.96 1.5750289
887.96 1.6391374
887.96 1.369623
888.67 1.727122
892.97 1.7706261
892.97 1.7963438
893.68 1.7827079
906.56 1.6271317
907.28 1.6663134
907.28 1.4934922
907.28 1.6135745
907.99 1.491267
907.99 1.5478631
908.71 1.3677206
909.42 1.5756868
909.42 1.5556753
909.42 1.5497506
910.14 1.3456258
910.85 1.5979177
910.85 1.5546241
911.57 1.5943369
914.43 1.6074964
918.01 1.5660979
918.01 1.6116813
918.01 1.571502
918.72 1.64471
920.87 1.5748707
930.17 1.4792826
930.88 1.5899162
937.32 1.5130213
938.03 1.5448574
938.03 1.5581671
938.03 1.5061402
938.03 0.71096265
938.75 1.6565225
939.46 1.3979225
939.47 1.6044382
940.18 1.5093954
943.76 1.5803733
943.76 1.527508
943.76 1.6781269
944.47 1.4414742
949.48 1.3627673
951.62 1.5487676
951.62 1.5214078
952.34 1.5162158
952.34 1.5357413
953.05 1.3705773
953.05 1.4402761
953.77 1.5334648
953.77 1.2863773
955.2 1.7085739
955.2 1.458218
955.2 1.5870315
955.91 1.588939
957.35 1.600657
957.35 1.5920042
957.34 1.4106716
957.35 1.5313413
958.06 1.5366057
958.06 1.1472964
958.06 1.6205595
958.78 1.6466244
968.07 1.7457646
968.07 1.7424401
968.79 1.62975
968.79 1.6371647
970.93 1.5832195
971.65 1.5756228
975.94 1.4908296
975.94 1.5351115
976.65 1.6303113
976.65 1.5441277
978.08 1.6519865
978.08 1.6476284
978.8 1.6279831
978.8 1.6140562
978.8 1.6618686
978.8 1.6590153
979.51 1.645632
994.53 1.745604
997.39 1.5503976
997.39 1.6750357
998.1 1.7260258
1008.83 1.642367
1009.54 1.6807247
1009.54 1.6983066
1009.54 1.6960253
1010.26 1.6818849
1010.97 1.7405565
1010.97 1.6342543
1011.69 1.6778275
1016.69 1.74656
1031.71 1.5542682
1032.42 1.589583
1032.42 1.4882967
1033.14 1.4125062
1033.14 1.514343
1040.29 1.5001675
1040.29 1.452504
1040.29 1.5581876
1041.01 1.5184125
1041.01 1.4635384
1042.44 1.5707604
1043.15 1.3601782
1043.15 1.4552827
1043.15 1.067519
1043.87 1.2628627
1043.87 1.5176961
1046.73 1.4648042
1047.45 1.4915247
1047.45 1.1075007
1048.16 1.5177761
1048.16 1.1984693
1051.74 1.2027073
1052.45 1.3297738
1052.45 1.2475613
1052.45 1.461792
1053.17 1.5617976
1056.03 1.4482181
1056.74 1.438485
1056.75 1.7200128
1056.74 1.4329795
1056.74 1.3895833
1057.46 1.2544354
1057.46 1.5764376
1058.18 1.6032943
1061.04 1.1735239
1061.04 1.3054386
1067.47 1.3628688
1068.19 1.8229938
1068.19 1.5765741
1068.19 1.4872239
1068.19 1.5134834
1068.9 1.5963794
1068.9 1.3762249
1068.9 1.5403003
1068.9 0.9553758
1069.62 1.3353674
1069.62 1.5212691
1070.33 1.4837333
1071.05 1.4014053
1081.78 1.6959016
1081.78 1.5679152
1082.49 1.79687
1082.49 1.6114286
1082.49 1.4394523
1083.21 1.6206734
1088.21 1.6743914
1088.21 1.4636161
1088.93 1.4306515
1088.93 1.5645069
1091.07 1.7171564
1093.22 1.6940362
1093.93 1.5725787
1093.93 1.7552487
1093.93 1.5415584
1093.93 1.7885842
1094.65 1.6533809
1104.65 1.5391263
1105.37 1.4890183
1105.37 1.6447164
1105.37 1.497953
1105.37 1.7329296
1106.08 1.5514337
1106.08 1.4911468
1108.94 1.5037229
1109.66 1.550237
1109.66 1.4063609
1109.66 1.4197432
1110.37 1.429052
1110.37 1.6749271
1112.52 1.469071
1112.52 1.473886
1113.23 1.2119542
1113.23 1.4018298
1113.95 1.3926387
1113.95 1.5168879
1114.66 1.426791
1115.37 1.1469183
1116.09 1.5102772
1116.09 1.4530387
1116.09 1.5711242
1116.8 1.3996335
1116.8 1.4407588
1116.8 1.2891381
1133.24 1.4056053
1133.24 1.1927766
1133.24 1.4267094
1133.95 1.4394027
1133.95 1.2592993
1133.95 1.4016742
1134.67 1.5190289
1135.38 1.7030344
1135.38 1.2924451
1146.82 1.60071
1147.53 1.744664
1147.53 1.4597131
1148.24 1.465318
1148.96 1.5603693
1148.96 1.5272347
1148.96 1.5980204
1149.67 1.436528
1153.96 1.7085853
1154.67 1.600071
1155.39 1.4610814
1155.39 1.416147
1156.1 1.5961274
1156.1 1.5931793
1158.25 1.7671981
1158.96 1.509017
1158.96 1.4467192
1159.67 1.4514637
1159.67 1.3872094
1166.11 1.6812937
1166.82 1.4307363
1166.82 1.6193126
1167.53 1.6937325
1179.67 1.5638611
1186.8 1.48566
1186.8 1.6079785
1187.52 1.5572292
1187.52 1.5957668
1188.23 1.5197192
1188.23 1.612414
1188.94 1.3839434
1188.94 1.7311158
1189.66 1.5534077
1190.37 1.7713357
1191.08 1.6247151
1191.08 1.5698173
1191.8 1.5339798
1196.08 1.5239851
1196.08 1.5403267
1196.79 1.5781548
1196.79 1.7161839
1196.79 1.4908769
1197.51 1.5078597
1204.64 1.5777173
1204.64 1.5498825
1205.36 1.4804784
1205.36 1.5448312
1208.93 1.6845872
1208.93 1.3639011
1208.93 1.708637
1209.64 1.5934763
1214.64 1.6918536
1215.35 1.6904254
1215.35 1.6874996
1215.35 1.5862502
1216.06 1.7653809
1216.06 1.6894869
1216.78 1.6670177
1219.63 1.6679099
1219.63 1.4908755
1220.35 1.5571237
1220.35 1.5292397
1226.77 1.6063418
1226.77 1.7409346
1226.77 1.3819357
1227.49 1.6097325
1231.77 1.6366581
1245.34 1.6055274
1246.05 1.6620089
1246.05 2.0290194
1246.05 1.5993952
1248.19 1.580991
1248.19 1.5835574
1250.33 1.2249653
1250.33 1.2722771
1251.05 1.4630288
1251.05 1.4965231
1251.05 1.3554076
1251.76 1.6080183
1251.76 1.0897213
1257.48 1.4439291
1257.48 1.5273378
1258.19 1.5114988
1258.19 1.4191885
1258.19 1.4563407
1258.19 1.3798232
1258.19 1.2672968
1266.05 1.4768964
1268.91 1.5581933
1268.91 1.3899204
1281.78 1.8331242
1281.78 1.6464605
1282.49 1.6702683
1282.49 1.5156685
1283.21 1.7367336
1283.93 2.2775738
1283.92 1.7016684
1284.64 1.6249056
1284.64 1.6763932
1286.78 1.5446695
1287.5 1.6405541
1287.5 1.6674081
1287.5 1.6943746
1292.5 1.4538951
1292.5 1.6076238
1293.22 1.9465171
1293.22 1.7761563
1293.94 1.6079829
1299.66 1.471327
1299.66 1.8094436
1300.37 1.7784692
1300.37 1.5626884
1300.37 1.4328722
1301.09 1.6334559
1301.8 1.5170525
1320.41 1.3062011
1320.42 1.5211735
1320.41 1.3032565
1321.13 1.5264826
1321.85 1.227243
1321.85 1.330583
1322.56 1.3111596
1322.56 1.3325454
1325.43 1.5474892
1325.43 1.2812816
1326.15 1.5741308
1326.15 1.3634521
1326.86 1.3196838
1326.86 1.6167227
1327.58 1.4544172
1327.58 1.6034095
1327.58 1.375782
1331.16 1.6203767
1331.16 1.4017724
1331.16 1.4736319
1331.16 1.4095803
1331.88 1.3331102
1331.88 1.5064803
1331.88 1.4659096
1331.88 1.4202425
1332.6 1.6263503
1332.6 1.5663352
1333.31 1.6276898
1334.03 1.4756336
1334.75 1.625414
1334.74 1.2788495
1334.75 1.4331981
1336.18 1.5712245
1336.18 1.663566
1336.18 1.4372635
1336.9 1.4208082
1339.05 1.3877308
1339.76 1.828763
1339.76 1.6427807
1340.48 1.8591199
1344.78 1.7170211
1345.5 1.5875565
1345.5 1.6247476
1350.52 1.590383
1350.52 1.6992868
1351.23 1.8232708
1351.23 1.7383398
1355.53 1.6638024
1355.53 1.7745696
1355.54 1.8069341
1356.25 1.6768719
1356.97 1.6708207
1356.97 1.7276609
1357.69 1.7456119
1357.69 1.780349
1366.29 1.6620134
1372.03 1.7510964
1372.75 1.790398
1374.18 1.7765231
1374.9 1.2573292
1374.9 1.6160004
1377.77 1.6276116
1380.63 1.2684579
1385.66 1.5535395
1385.66 1.487424
1386.37 1.4449179
1386.37 1.3316193
1387.09 1.6668264
1387.09 1.7746428
1387.81 1.503374
1387.81 1.6003349
1387.81 1.5629294
1396.42 1.2744263
1396.42 1.4916754
1396.42 1.3723942
1396.42 1.2246675
1397.13 1.4415253
1397.85 1.4106545
1398.57 1.3843997
1398.57 1.5980128
1398.57 1.7067273
1399.29 1.7296749
1399.29 1.6492423
1400.0 1.3000417
1400.0 1.3435802
1401.44 1.505497
1401.44 1.2647187
1401.44 1.0849562
1402.16 1.4792039
1402.16 1.5044885
1402.87 1.4804139
1403.59 1.478541
1403.59 1.4623203
1404.31 1.3822974
1404.31 1.4453777
1409.33 1.4619752
1409.33 1.414639
1410.05 1.5778431
1410.05 1.5033684
1414.35 1.466466
1414.35 1.622218
1415.07 1.0436255
1415.07 1.6202749
1415.79 1.5688555
1415.78 1.4218848
1416.5 1.5403829
1421.52 1.4709772
1421.52 1.5029085
1422.24 1.5833812
1422.24 1.5058267
1422.24 1.5533676
1423.67 1.2744241
1424.39 1.6471545
1424.39 1.4560733
1424.39 1.6954017
1432.28 1.7630107
1432.28 1.3975825
1437.3 1.6377776
1438.02 1.560876
1438.02 1.5902407
1438.02 1.7012364
1438.74 1.8279593
1440.17 1.2950226
1440.89 1.7752029
1440.89 1.929548
1441.61 1.678426
1452.36 1.240384
1454.51 1.4680829
1455.23 1.5278057
1455.23 1.684316
1455.23 1.3505955
1455.95 1.4967387
1464.55 1.5947322
1473.87 1.6224236
1473.87 1.5093306
1474.58 1.124083
1475.3 1.3648325
1475.3 1.4224006
1480.32 1.3931853
1481.03 1.4291097
1481.03 1.6605504
1481.03 1.4952725
1481.75 1.2632953
1483.9 1.4591534
1483.9 1.1279447
1484.62 1.2465667
1490.35 1.4739438
1491.06 1.3760237
1491.06 1.5769062
1491.78 1.5747072
1491.78 1.7088184
1496.08 1.578276
1496.08 1.3852968
1496.8 1.5209271
1496.8 1.6776766
1497.51 1.4830679
1498.23 1.5915123
1506.82 1.545391
1506.82 1.7392482
1507.54 1.3129855
1507.54 1.6921687
1508.25 1.5385574
1510.4 1.3429788
1510.4 1.2504419
1511.12 1.3373051
1511.12 1.2381458
1513.98 1.4692643
1516.84 1.5036048
1516.84 1.4996406
1517.56 1.6320741
1518.28 1.4477893
1518.28 1.3270847
1518.99 1.4064586
1518.99 1.3817675
1524.72 1.3763185
1524.72 1.4630034
1524.72 1.4242107
1524.72 1.3448678
1525.43 1.389152
1526.86 1.4736917
1527.58 1.3550277
1527.58 1.2367375
1527.58 1.1652443
1528.29 1.1749074
1530.44 1.2279081
1531.16 1.2709525
1531.16 1.2037768
1531.87 1.0837257
1532.59 1.4094234
1532.59 1.285872
1532.59 1.3914433
1533.3 1.381957
1534.73 1.3160224
1535.45 1.5384881
1535.45 1.4260609
1535.45 1.3267055
1536.17 1.4392529
1537.6 1.3330767
1544.75 1.033699
1549.76 1.5056466
1550.47 1.6688831
1550.47 1.5604359
1551.19 1.3880689
1555.48 1.4975083
1555.48 1.4839319
1556.19 0.85113966
1556.19 1.1952156
1558.34 1.328691
1558.34 1.6404383
1558.34 1.547997
1558.34 1.5805886
1559.05 1.4290131
1565.49 1.4304808
1565.49 1.6845118
1566.2 1.6855965
1566.2 1.0604001
1566.91 1.4725325
1566.92 1.6433475
1572.63 1.4463395
1572.63 1.5842732
1572.63 0.7047416
1572.63 1.3309882
1594.79 1.5203851
1595.51 1.3010768
1595.51 1.3832412
1596.22 1.4433495
1596.22 1.2129567
1596.22 1.3428563
1596.93 1.2678642
1596.93 1.3400027
1606.21 0.8998383
1606.21 1.4272239
1606.92 1.4677049
1606.92 1.4425042
1607.64 1.0958091
1609.06 1.4588139
1609.78 1.5334067
1609.78 1.4233928
1610.49 1.2890241
1612.63 1.2192773
1612.63 1.3593799
1612.63 1.6078041
1612.63 1.2722762
1613.35 1.2503073
1613.35 1.3892184
1613.35 1.2669501
1614.06 1.159614
1614.06 1.4448692
1619.77 1.3569586
1619.77 1.2054274
1623.34 1.3329096
1623.34 1.505865
1624.05 1.425728
1624.05 1.3550364
1624.76 0.8409876
1627.62 1.4835608
1628.33 1.5628827
1628.33 1.4530208
1629.05 1.4922554
1629.05 1.6157057
1631.19 1.3658457
1631.19 1.2513114
1631.9 1.3114599
1631.9 1.5544142
1632.61 1.4558842
1639.04 1.4524115
1639.75 1.4392849
1639.75 1.5188617
1639.75 1.558637
1640.47 1.6417648
1643.32 1.4895551
1643.32 1.68169
1644.03 1.6298413
1644.04 1.6747245
1644.75 1.5700598
1644.75 1.4627441
1644.75 1.5602757
1646.18 1.6552521
1646.89 1.5764502
1646.89 1.6250073
1646.89 1.6682785
1647.6 1.559694
1649.75 1.7015531
1649.75 1.5568726
1650.46 1.6986994
1650.46 1.608748
1651.17 1.4902929
1651.17 0.7673557
1651.17 1.6423447
1651.17 1.4004261
1651.89 1.2437046
1652.6 1.2679197
1652.6 1.6374873
1653.32 1.7355438
1654.03 1.7843475
1654.03 1.193042
1654.03 1.6558645
1656.89 1.6407006
1657.6 1.5791032
1657.6 1.716786
1658.31 1.5448428
1661.17 1.8029666
1661.17 1.4248093
1661.17 1.5504764
1661.89 1.7553611
1662.6 1.6325384
1662.6 1.6381236
1663.31 1.6760638
1663.31 1.569224
1664.03 1.8285145
1665.46 1.4453907
1666.17 1.64482
1666.17 1.6739948
1666.88 1.5923526
1669.03 1.6300699
1669.74 1.5654187
1669.74 1.3493223
1669.74 1.5606925
1674.74 1.3251678
1674.74 1.3275371
1674.74 1.4829627
1674.74 1.5982957
1675.46 1.1809287
1675.46 1.6960819
1675.46 1.4748728
1676.17 1.3388073
1682.6 1.3252214
1682.6 1.4455373
1683.32 1.3790995
1683.32 1.370606
1685.46 1.445586
1685.46 1.3780047
1686.18 1.3719623
1686.89 1.4741944
1686.89 1.4369133
1687.61 1.2700039
1687.61 1.4860053
1691.18 1.6354526
1691.9 1.3778374
1691.9 1.4557511
1691.9 1.3499203
1695.47 1.8716131
1695.47 1.5629512
1696.19 1.3453431
1696.19 1.3490595
1697.62 1.6040667
1697.62 1.4462285
1697.62 1.3936315
1698.33 1.490606
1699.05 1.3359385
1699.05 1.2405795
1699.05 1.5416654
1699.76 1.1567516
1701.19 1.6147909
1701.19 1.5729047
1701.19 1.5910143
1701.19 1.5476323
1701.91 1.4994756
1707.63 1.4320956
1708.35 1.3957587
1708.35 1.3725709
1709.06 1.0718929
1709.78 1.4280939
1709.78 1.5742406
1710.49 1.526699
1710.49 1.6333529
1711.92 1.5559292
1711.92 1.4764829
1711.92 1.2960892
1711.93 1.6244502
1712.64 1.6189661
1712.64 1.3377194
1712.64 1.5028443
1716.93 1.3913629
1717.65 1.286742
1717.65 1.4133147
1718.37 1.4183239
1719.08 1.5866513
1719.8 1.6498722
1719.8 1.4528977
1720.51 1.4531046
1720.51 1.2419411
1721.23 1.4811174
1721.23 1.4326787
1721.23 1.6618031
1729.82 1.5711073
1729.82 1.4957027
1730.54 1.5637302
1730.54 1.3658934
1730.54 1.573687
1732.69 1.4768283
1733.4 1.4325701
1733.4 1.5088433
1734.1 1.1942072
1734.1 1.5569927
1734.1 1.4212109
1734.1 1.3845631
1734.82 1.2509304
1736.97 1.5902718
1736.97 1.5187957
1737.69 1.4545331
1742.71 1.6068432
1742.71 1.6093856
1742.71 1.585263
1743.43 1.6476316
1743.43 1.6162035
1744.15 1.4881061
1744.15 1.5314975
1747.02 1.6758294
1747.02 1.5054513
1747.74 1.6644539
1747.74 1.261492
1747.74 1.6019039
1749.17 1.4222139
1749.17 1.463043
1749.17 1.3833598
1749.89 1.5054517
1750.61 1.578144
1751.33 1.6648905
1751.33 1.4566085
1752.05 1.737594
1752.05 1.8479153
1752.05 1.5152999
1752.76 1.5810875
1756.35 1.3071374
1757.07 1.5640167
1757.07 1.5637434
1757.07 1.6568339
1771.43 1.6730798
1771.43 1.5052181
1772.15 1.5713794
1772.15 1.7177694
1772.15 1.5903392
1772.15 1.617157
1772.87 1.7080307
1779.33 1.6435806
1779.33 1.6808342
1779.33 1.5438082
1780.05 1.7047722
1780.05 1.5032631
1780.05 1.5282248
1780.05 1.6883259
1780.05 1.638208
1780.77 1.6734205
1781.49 1.6116872
1781.49 1.8365537
1782.21 1.5867369
1790.11 1.7022104
1790.82 1.642319
1790.82 1.4336289
1790.82 1.6739955
1790.82 1.6972246
1792.26 1.7557008
1792.98 1.6450189
1792.98 1.54573
1792.98 1.6344067
1793.7 1.6059177
1798.72 1.3270402
1799.44 1.4090168
1799.44 1.7356434
1799.44 1.3090127
1800.16 1.598191
1800.88 1.6564543
1800.88 1.1777734
1801.6 1.5312002
1802.31 1.5385089
1802.31 1.4683787
1803.03 1.3718065
1803.03 1.5198578
1805.9 1.5811133
1806.62 1.3950541
1806.62 1.3237561
1806.62 1.6006825
1807.34 1.4386039
1808.06 1.6605855
1808.06 1.5468888
1808.77 1.4463086
1808.77 1.2881649
1808.77 1.3809339
1809.49 1.5786648
1810.21 1.6207314
1810.93 1.0951179
1810.93 1.6304536
1811.65 1.4808879
1811.65 1.3377454
1811.65 1.4356616
1811.65 1.553681
1812.36 1.1712828
1823.85 1.3948612
1823.85 1.502977
1824.56 1.420448
1825.28 1.5133823
1825.28 1.5427865
1825.28 1.4132324
1826.0 1.3678007
1826.0 1.4849744
1826.0 1.4232136
1826.72 1.632632
1826.72 1.4725621
1831.02 1.6212565
1831.74 1.4388331
1832.45 1.1902766
1832.45 1.6367083
1832.45 1.4349189
1836.75 1.3829954
1837.47 1.4903988
1837.47 1.5773636
1837.47 1.7053696
1837.47 1.5168134
1838.19 1.5402635
1844.64 1.7843736
1845.36 1.479057
1845.36 1.6365455
1846.07 1.3825306
1848.94 1.2264909
1849.66 1.5864433
1849.66 1.7893447
1850.37 1.6794881
1853.24 1.5731455
1853.24 1.5568811
1853.95 1.5196174
1853.95 1.5523775
1853.95 1.3698115
1853.95 1.5118277
1853.95 1.2369713
1854.67 1.395337
1856.82 1.4167297
1856.82 1.2366031
1857.53 1.0859214
1857.53 1.2183594
1858.25 1.5615053
1858.97 1.4983802
1858.97 1.3383036
1859.68 1.323017
1859.68 1.6603966
1859.68 1.1821294
1860.4 1.5003632
1860.4 1.2125124
1860.4 1.3001684
1861.11 1.2441136
1863.98 1.087354
1864.69 1.4093592
1864.69 1.2284713
1864.69 1.2539097
1865.41 1.6615169
1874.71 1.268939
1875.43 1.5281107
1875.43 1.3692273
1875.43 1.4764663
1875.42 1.1013368
1880.44 1.4607904
1880.44 1.4084722
1881.15 1.3017223
1881.15 1.3147
1881.87 1.5029031
1881.87 1.5889469
1881.87 1.1415952
1882.58 1.4626687
1883.3 1.4267263
1883.3 1.5229647
1884.01 1.7500663
1884.01 1.3764164
1889.72 1.8120134
1890.43 1.8852597
1890.43 1.8077787
1890.43 1.4256496
1894.71 1.3347557
1906.12 1.8865656
1908.26 1.6672758
1908.26 1.7120662
1908.26 1.809963
1908.98 1.8103712
1910.4 1.6208227
1910.4 0.8765434
1910.4 1.6171643
1911.11 1.743549
1913.25 1.730963
1913.25 1.6459665
1913.25 1.7997913
1913.25 1.6966915
1913.25 1.6305891
1913.96 1.7164332
1913.96 1.620704
1913.96 1.6179569
1915.39 1.8125485
1915.39 1.5664783
1916.1 1.6441718
1916.1 1.5998464
1916.1 1.7207122
1917.52 1.1769245
1918.24 1.2205912
1918.24 1.4054679
1918.24 1.6094744
1918.95 1.4779985
1919.66 1.5848404
1919.66 1.6194893
1919.66 1.6768047
1920.37 1.5806711
1920.37 1.1452627
1927.5 1.6955467
1927.49 1.4999689
1928.21 1.515732
1935.32 1.4722359
1936.04 1.6390983
1936.04 1.4627947
1936.75 1.4839782
1936.75 1.3600413
1945.29 1.4462932
1945.29 1.4344164
1953.11 1.4062185
1953.82 1.5875036
1953.82 1.5174594
1954.53 1.4031938
1954.53 1.4354198
1955.96 1.8488021
1955.96 1.6717833
1955.95 1.5052519
1955.96 1.6751071
1956.67 1.6311895
1956.67 1.5914886
1956.67 1.5865974
1957.38 1.558945
1957.38 1.6310433
1960.22 1.6717969
1960.22 1.5378422
1960.22 1.7139498
1960.93 1.4297731
1960.93 1.5702245
1961.64 1.4777259
1961.64 1.6235123
1970.89 1.6600039
1971.6 1.8422935
1971.6 1.3465517
1971.6 1.6087947
1972.31 1.479881
1973.73 1.5820493
1974.44 1.462033
1974.44 1.545083
1974.44 1.6327206
1976.57 1.6882855
1979.42 1.7851889
1979.42 1.5568389
1982.26 1.6741309
1987.24 1.638631
1987.24 1.3372238
1987.95 1.6391718
1987.95 1.67413
1987.95 1.562694
1988.66 1.269809
1988.66 1.2460152
1989.37 1.5297467
2001.46 1.545017
2002.17 1.6423846
2002.17 1.5692859
2007.85 1.5860063
2007.86 1.75369
2008.57 1.719006
2008.57 1.6163049
2008.57 1.7732488
2008.57 1.5423129
2009.28 1.8572654
2009.28 1.6995819
2009.99 1.6519278
2009.99 1.6914318
2010.7 1.745405
2012.83 1.5258727
2020.66 1.4339725
2020.66 1.4358305
2021.37 1.8557658
2022.08 1.5464491
2022.08 1.4365596
2022.79 1.5925246
2022.79 1.5929404
2023.5 1.421597
2023.5 1.6899719
2024.21 1.7169203
2024.21 1.7425034
2026.35 1.5729921
2029.9 1.5203885
2030.61 1.5207456
2030.62 1.6745495
2031.33 1.2215065
2037.73 1.4961394
2037.73 1.4662447
2038.44 1.7877585
2038.44 1.3460785
2038.44 1.0112153
2041.29 1.8368429
2042.0 1.538033
2042.0 1.499254
2042.0 1.7578459
2044.13 1.1262114
2044.14 1.4893085
2044.85 1.5990664
2044.85 1.4820777
2045.56 1.6990547
2045.56 1.3942255
2046.27 1.3619491
2046.27 1.6686362
2046.98 1.6711601
2050.54 1.6218873
2050.54 1.7174648
2050.54 1.5140883
2050.54 1.6325136
2051.25 1.5799202
2051.25 1.4121393
2056.24 1.7181351
2056.24 1.898458
2056.95 1.807703
2056.95 1.8324374
2057.66 1.617195
2057.67 1.7642664
2058.38 1.7622414
2059.09 1.6270976
2059.09 1.6643574
2065.5 1.7317866
2065.5 1.8264421
2066.22 1.8705236
2066.22 1.8145058
2067.64 1.8732144
2067.64 1.8316963
2068.35 1.6756407
2068.35 1.5918474
2069.78 1.6798007
2069.78 1.9141816
2070.49 1.6173993
2070.49 1.6045986
2073.34 1.8603727
2073.34 1.6805713
2074.06 1.6682489
2074.06 1.6428677
2074.77 1.6735361
2074.77 1.6495315
2074.77 1.6400198
2075.48 1.0832769
2075.48 1.7458513
2076.91 1.6400951
2076.91 1.6941847
2076.91 1.4581641
2077.62 1.404237
2078.34 1.7223184
2078.34 1.6774602
2079.05 1.6699412
2081.9 1.6464307
2082.62 1.7933712
2082.62 1.5438712
2083.33 1.6645473
2083.33 1.6835774
2100.47 1.4712802
2100.47 1.5050162
2100.47 1.4201491
2101.18 1.4268686
2101.9 1.6650959
2102.61 1.2745402
2102.61 1.3438303
2102.61 1.5934594
2104.75 1.440948
2105.47 2.069603
2105.47 1.5585628
2105.47 1.1722875
2108.33 1.351721
2109.04 1.3498003
2109.04 0.9292312
2109.04 0.7033711
2109.04 1.2744734
2109.76 1.7329687
2110.47 1.6299188
2111.19 1.7615447
2111.19 1.3802251
2111.9 1.4963259
2112.62 1.205601
2112.62 1.4044453
2112.62 1.1646456
2113.33 1.503803
2115.48 1.3047906
2121.2 1.3722507
2121.2 1.4185866
2121.92 1.4828311
2121.92 1.4332696
2125.5 1.3208561
2125.5 1.5877413
2125.5 1.3836375
2126.21 1.2197627
2126.21 1.543708
2129.08 1.5158716
2131.23 1.5991453
2131.23 1.3210005
2131.94 1.4337724
2131.94 1.334285
2131.94 1.3171155
2132.66 1.3798611
2132.66 1.457869
2136.24 1.3715936
2136.24 1.5512754
2136.24 1.4613973
2136.96 1.3544611
2137.67 1.449401
2138.39 1.3600097
2138.39 1.4012241
2138.39 1.5104002
2139.11 1.3606894
2139.82 1.1535137
2139.82 1.3262314
2140.54 1.2127694
2140.54 1.5622078
2141.25 1.0539539
2143.41 1.6424507
2144.12 1.4853709
2144.12 1.5152348
2144.12 1.2494327
2144.84 1.5142026
2154.16 1.6478993
2158.47 1.4918251
2161.34 1.6697586
2162.06 1.7286702
2162.06 1.5912455
2162.06 1.612425
2165.64 1.7807273
2166.35 1.5169774
2186.49 1.4427125
2227.5 1.3510704
2227.5 1.4768112
2227.5 1.3491689
2227.5 1.4439454
2227.5 1.3135053
2228.22 1.5181336
2228.94 1.2980283
2228.94 1.4530414
2228.94 1.113584
2228.94 1.4701492
2228.94 1.2712766
2229.66 1.4147351
2229.66 1.2786975
2230.38 1.4510548
2230.38 1.4897348
2244.77 1.4366362
2245.49 1.42796
2245.49 1.4991081
2246.21 1.2959499
2246.21 1.256229
2246.21 1.3629298
2246.21 1.3339776
2246.93 1.4729328
2254.12 1.3878521
2254.84 1.4335139
2254.84 1.502784
2255.56 1.2831686
2255.56 1.5642498
2258.44 1.103872
2258.44 1.1735862
2258.44 1.6014676
2259.16 1.5520884
2259.16 1.3275266
2259.88 1.3580297
2259.88 1.376441
2260.59 1.1247194
2261.31 1.3859848
2262.03 1.3417896
2262.03 1.3930111
2262.75 1.5028813
2263.47 1.3078419
2263.47 1.5089226
2264.19 1.6139714
2264.19 1.5154278
2264.19 1.3140985
2264.91 1.3576967
2270.66 1.8377886
2271.38 1.7910886
2271.38 1.8334571
2271.38 1.641891
2272.09 1.6526612
2274.25 1.7947857
2275.69 1.6165942
2276.4 1.7564876
2276.4 1.7151124
2276.41 1.863946
2276.4 1.5828171
2277.12 1.7532184
2277.12 1.6898212
2277.12 1.6539563
2277.84 1.7494321
2287.17 1.7514448
2287.89 1.3946537
2297.22 1.7380046
2297.93 1.5595986
2297.93 1.535933
2298.65 1.3495661
2303.67 1.457372
2306.54 1.5386406
2307.25 1.539144
2307.25 1.5996293
2307.25 1.4052832
2307.97 1.539571
2310.12 1.6173518
2310.12 1.2461022
2310.83 1.3956232
2310.84 1.6714305
2311.55 1.3828787
2311.55 1.4109209
2317.28 1.3220875
2317.28 1.4245664
2317.99 1.2564102
2317.99 1.2234957
2321.57 1.41916
2322.29 1.1719223
2322.29 1.3626081
2323.01 1.5315325
2323.0 1.4979308
2333.02 1.4619849
2333.02 1.3136349
2333.73 1.1643032
2333.73 1.3590206
2334.45 1.3007891
2334.45 1.2021918
2335.16 1.378883
2335.87 1.2829688
2335.88 1.6532199
2336.59 1.2104548
2346.59 1.3259988
2347.3 1.3528776
2347.3 1.3173449
2349.44 1.3105881
2350.16 1.424309
2350.16 1.506835
2350.16 1.4779326
2350.87 0.7808616
2363.7 1.6341071
2363.7 1.6222733
2364.41 1.1929921
2364.41 1.2707615
2364.41 1.5005358
2365.13 1.6525413
2365.13 1.3029078
2366.55 1.0411798
2366.55 1.0193938
2366.55 1.0424105
2367.26 1.5328615
2367.26 1.3045186
2367.98 1.4623972
2367.98 1.6981221
2367.98 1.5705179
2369.4 1.3998495
2370.11 1.4007318
2370.11 1.7665051
2370.11 1.7541021
2370.82 1.4096016
2372.96 1.4850479
2373.67 1.595675
2374.38 1.5033934
2374.38 1.4340161
2374.38 1.5134448
2375.09 1.3528384
2390.74 1.350725
2390.74 1.6134971
2391.45 1.5339445
2391.45 1.6805019
2392.16 1.6933883
2393.58 1.3724173
2401.39 1.4928703
2401.39 1.4824736
2401.39 1.5372653
2401.39 1.5635797
2402.1 1.4045581
2402.1 1.6905463
2411.33 1.3514612
2411.33 1.3135065
2412.04 1.4697168
2413.45 1.5441431
2414.16 1.5567114
2414.16 1.2830971
2414.87 1.4421862
2414.87 1.4749618
2419.84 1.4956163
2420.54 1.4564406
2421.25 1.2874502
2421.25 1.4267402
2421.25 1.4251566
2434.0 1.1162313
2443.21 1.6377157
2443.21 1.490901
2443.21 1.6895778
2443.92 1.3454105
2443.92 1.5973979
2444.63 1.6170479
2445.33 1.4806575
2445.33 1.4679
2446.04 1.6517385
2446.04 1.6660877
2446.75 1.7005137
2446.75 1.7565223
2447.46 1.4558519
2447.46 1.543344
2449.6 1.5462947
2449.6 1.6791273
2450.31 1.5782995
2450.31 1.6278585
2451.02 1.723218
2451.02 1.756172
2451.72 1.8849262
2451.72 1.3935281
2452.43 1.1847044
2452.43 1.738478
2453.14 1.7035148
2457.37 1.7689303
2457.37 1.6869749
2458.08 1.629925
2458.08 1.3788718
2458.08 1.747947
2458.78 1.5319788
2461.61 1.655342
2463.72 1.4961566
2464.43 1.7251042
2464.43 1.6354373
2464.43 1.5415846
2464.43 1.6089901
2465.14 1.5439032
2471.49 1.5507526
2472.19 1.5060881
2472.19 1.5600318
2472.19 1.6753632
2472.9 1.4734936
2473.61 1.4043304
2473.61 1.7628012
2473.61 1.2823697
2474.31 1.427737
2475.72 1.4041599
2475.72 1.588676
2476.43 1.3996676
2476.43 1.408061
2477.84 1.2903116
2477.84 1.4595402
2478.55 1.3513907
2478.55 1.4925206
2479.25 1.4812837
2479.25 1.4793187
2479.25 1.5686992
2480.67 1.4137726
2480.67 1.5664859
2480.67 1.648803
2480.67 1.3674183
2480.67 1.5824468
2481.37 1.6608618
2482.08 1.2476676
2482.08 1.6000698
2482.78 1.5686563
2483.49 1.5168135
2483.49 1.3938943
2483.49 1.2452655
2484.2 1.4665053
2492.67 1.5253992
2493.38 1.3935957
2493.38 1.5054476
2494.09 1.6287587
2499.74 1.5723286
2500.45 1.5398893
2500.44 1.4178396
2500.44 1.440458
2501.15 1.4495091
2501.15 1.0836953
2501.15 1.5203686
2507.51 1.4629633
2507.51 1.4439493
2508.22 1.5292921
2508.93 1.5589906
2508.93 1.5200005
2509.64 1.4554076
2516.71 1.6367421
2517.42 1.3890369
2517.42 1.5894992
2517.42 1.557638
2523.79 1.2754344
2523.79 1.5496244
2524.5 1.6091676
2524.5 1.45314
2525.21 1.3082268
2525.92 1.6034946
2531.59 1.4098221
2531.59 1.5219761
2532.3 1.4186443
2538.68 1.391003
2539.39 1.4416963
2539.39 1.305296
2539.39 1.6291381
2543.65 1.4146329
2546.49 1.5621593
2549.34 1.6805707
2549.34 1.5049968
2550.05 1.5176879
2550.05 1.6433489
2550.05 1.6818404
2550.76 1.592055
2555.02 1.4889137
2555.73 1.3378234
2555.74 1.6884625
2555.74 1.5418793
2556.45 1.4916756
2574.26 1.8098912
2574.97 1.1676173
2574.97 1.4920512
2574.97 1.4844658
2575.68 1.3867102
2575.68 1.5806953
2582.82 1.399206
2583.54 1.5043305
2583.54 1.4496833
2583.54 1.4554272
2584.25 1.5322714
2587.11 1.4904779
2590.64 1.3149077
2591.36 1.4306539
2591.36 1.4783539
2592.08 1.3467641
2597.83 1.25119
2597.83 1.662832
2605.02 1.2916483
2605.74 1.4762554
2605.74 1.6422852
2606.46 1.6641604
2607.18 1.5655116
2610.05 1.2463129
2610.05 1.6115233
2610.77 1.5806689
2610.77 1.6516657
2610.77 1.6331409
2611.49 1.7431389
2617.25 1.5335126
2617.98 1.5822237
2617.97 1.1671631
2617.98 1.5841246
2618.7 1.7618375
2624.46 1.4648614
2629.51 1.2893221
2630.23 1.4245363
2630.23 1.2554649
2630.23 1.3262292
2630.95 1.557217
2632.39 1.2837188
2633.11 1.2702767
2633.11 1.2691746
2633.83 1.1846297
2633.83 1.414108
2634.56 1.6014924
2635.28 1.259462
2635.28 1.3960997
2638.88 1.4862041
2638.88 1.4350039
2639.6 0.90021837
2639.6 1.4228555
2644.66 1.3852426
2645.38 1.3873729
2645.38 1.5440074
2648.26 1.4059182
2648.26 1.4282305
2648.26 1.5727361
2648.26 1.3785588
2656.92 1.2112228
2657.65 1.5103287
2657.65 1.2653104
2657.65 1.3042219
2657.65 1.4021482
2659.81 1.4370489
2664.86 1.2665409
2664.86 0.9386467
2665.59 1.2313714
2665.59 1.1792059
2666.31 1.3790988
2667.03 1.2035074
2667.03 1.0619805
2673.52 1.3365195
2673.52 1.1685737
2673.52 1.1055114
2673.52 0.9015532
2674.25 1.4010177
2674.25 1.3251079
2674.97 1.4203624
2674.97 1.1955103
2679.3 1.4345554
2679.3 1.2274413
2680.02 0.8816868
2680.02 1.2019947
2680.02 1.3503121
2685.79 0.9634387
2685.79 1.4165524
2686.51 1.3445654
2686.51 1.3603936
2688.67 0.98951083
2690.12 1.3135047
2695.16 1.3484873
2695.88 0.99472606
2695.88 1.3480816
2695.88 1.2672279
2695.88 1.4399581
2696.6 0.660563
2696.6 1.2306007
2698.77 1.4867735
2701.65 1.4412144
2702.37 1.4356805
2702.37 1.240279
2702.37 1.415559
2709.57 1.1542584
2709.57 1.5511944
2710.29 1.3092743
2712.45 1.4488051
2712.45 1.1876696
2713.17 1.2609619
2713.17 1.3713479
2713.17 1.5550817
2713.89 1.1066821
2718.2 1.3786303
2718.92 1.4456271
2718.92 1.4494163
2718.92 1.1671116
2722.52 1.4397688
2722.52 1.3239399
2723.24 1.498776
2723.24 1.2382269
2741.21 1.5169263
2741.21 1.2749922
2741.92 1.513236
2741.92 1.3125902
2744.07 1.2832295
2756.92 1.4417213
2756.92 1.6178316
2756.92 1.401608
2756.92 1.4275546
2757.63 1.2846206
2763.34 1.4375763
2764.05 1.4093403
2764.05 1.2105163
2764.05 1.3758457
2764.77 1.4734876
2764.77 1.4816397
2766.19 1.2531934
2766.19 1.2658098
2766.91 1.4628356
2766.91 1.5515394
2766.91 1.3327878
2769.05 1.548716
2769.76 1.4701275
2769.76 1.5288308
2769.76 1.729406
2787.56 1.5633286
2787.56 1.4282393
2788.28 1.5799665
2788.28 1.5698773
2791.12 1.6483722
2791.12 1.5271307
2791.12 1.608933
2791.83 1.6049858
2795.39 1.7049434
2796.1 1.463397
2796.1 1.3756098
2796.1 1.3217869
2799.66 1.580306
2800.37 1.4604852
2808.19 1.0485414
2808.91 1.4878662
2808.91 1.4104912
2808.91 1.1285521
2820.99 1.3135225
2821.0 1.4459709
2821.71 1.3502179
2821.71 1.235493
2821.71 1.2715708
2839.48 1.4616495
2840.19 1.1684211
2840.19 1.0908235
2840.91 1.3871539
2841.62 1.4768169
2844.46 1.3894169
2848.02 1.4380735
2848.02 1.4776876
2848.02 1.1739638
2848.73 1.4130183
2850.15 1.3638223
2850.15 1.4593537
2850.86 1.2903056
2850.87 1.466276
2851.58 1.0222373
2851.58 1.3091439
2852.29 1.1086205
2852.29 1.1886017
2857.98 1.5877233
2860.12 1.6562304
2860.12 1.6273824
2860.83 1.4382219
2860.83 1.4914778
2860.83 1.6003876
2862.96 1.630148
2862.96 1.5385072
2863.68 1.6209522
2875.07 1.6933604
2875.07 1.5823575
2875.78 1.5342615
2875.78 1.5856798
2875.78 1.8826827
2876.5 1.5582409
2876.5 1.4917424
2877.19 1.5427034
2877.19 1.523409
2877.9 2.0947556
2877.9 1.6289325
2882.9 1.7213876
2882.9 1.8041201
2882.9 1.4069608
2883.61 1.6477748
2883.61 1.5780827
2885.76 1.5044484
2886.47 1.2761865
2887.18 1.5581665
2887.18 1.4692867
2887.18 1.3800856
2889.33 1.4625244
2890.04 1.4586
2890.04 1.5173938
2890.04 1.5855318
2890.04 1.6255097
2890.76 1.5883505
2890.76 1.5402921
2897.19 1.7390023
2897.91 1.6651791
2898.62 1.5352606
2898.62 1.4658917
2898.62 1.2344946
2901.48 1.6653446
2903.63 1.5471408
2903.63 1.6233774
2903.63 1.5561309
2904.34 1.6600533
2905.06 1.4997646
2905.06 1.5048755
2905.77 1.4145298
2905.77 1.6439769
2906.49 1.723106
2906.49 1.5832301
2907.2 1.62164
2907.2 1.5903776
2911.5 1.4125668
2911.5 1.4229287
2912.21 1.7092966
2912.21 1.5330426
2912.93 1.4221328
2913.64 1.4586271
2913.64 1.5795586
2914.36 1.5068676
2914.36 2.0255404
2920.09 1.4636006
2920.09 1.5082078
2920.8 1.4868296
2920.8 1.4063147
2922.95 1.5298239
2923.67 1.4359283
2923.67 1.5180871
2924.38 1.266835
2935.13 1.5041083
2935.13 1.5288076
2935.13 1.4223088
2935.13 1.4015552
2943.01 1.423991
2943.01 1.0334646
2943.73 1.4322014
2944.44 1.6277971
2944.44 1.5092007
2945.16 1.4809475
2949.46 1.405925
2955.2 1.3122057
2955.92 1.4909762
2956.63 1.2389057
2956.63 1.2928555
2956.63 1.3485303
2957.35 1.387814
2971.7 1.3422832
2971.7 1.3992097
2971.7 1.3702686
2972.42 1.2268872
2972.42 1.3469422
2972.41 1.1317894
2973.13 1.1966515
2973.13 1.0964766
2973.85 1.2265189
2974.57 1.3376737
2974.57 1.2317224
2975.29 1.4065671
2975.29 1.2845266
2975.29 1.2583725
2975.29 1.35695
2976.0 1.3454475
2976.0 1.1782022
2976.72 1.1004826
2981.74 0.99251014
2981.74 1.4343992
2982.46 1.3775839
2982.46 1.4574753
2983.18 1.4875326
2983.18 1.45326
2983.18 1.3331021
2989.64 1.4490601
2989.64 1.408359
2989.64 1.4339608
2990.36 1.4875993
2991.07 1.3465995
2991.07 1.3980938
2991.07 1.2125815
2991.07 1.3810613
2991.79 1.4473412
2991.79 1.4022422
2996.1 1.5579208
3001.12 1.5440254
3006.14 1.4186926
3006.86 1.7902386
3006.86 1.4104557
3006.86 1.5450215
3025.52 1.5077971
3025.52 1.4976407
3026.23 1.4546279
3026.23 1.1031158
3026.95 1.4094211
3026.95 1.5802132
3027.67 1.395219
3031.97 0.9567617
3031.97 1.3615279
3032.69 1.3903229
3033.41 1.1676644
3033.41 1.4671909
3034.12 1.073931
3036.27 1.1613053
3036.27 1.1609281
3036.27 1.2975277
3036.99 1.2901855
3044.16 1.397249
3044.16 1.2553196
3044.16 1.2707759
3044.88 1.1599483
3049.18 1.0370641
3049.9 1.2002771
3049.9 1.1804587
3050.61 1.3781966
3051.33 1.4872795
3051.33 1.225315
3052.05 1.6182244
3052.05 1.792898
3052.76 1.2837695
3052.76 1.649262
3062.8 1.4628335
3062.8 1.6198078
3063.51 1.3982412
3063.51 1.5438119
3063.51 1.6144602
3064.23 1.5148566
3068.53 1.5904232
3069.24 1.6126832
3069.24 1.7166482
3069.24 1.561931
3071.39 1.3881426
3071.39 1.3986918
3072.11 1.4228544
3072.11 1.602291
3072.82 1.4422499
3077.84 1.5651089
3079.98 1.2949309
3079.98 1.5967188
3080.7 1.3062912
3080.7 1.3435297
3080.7 1.3465842
3080.7 1.4641634
3082.85 1.5186764
3082.85 1.5082681
3083.56 1.5475711
3083.56 1.6163706
3096.44 1.4249533
3096.44 1.4601388
3097.16 1.6407788
3097.16 1.4781947
3097.87 1.4094985
3103.59 1.4114289
3104.31 1.5350257
3104.31 1.4550085
3104.31 1.2242476
3105.02 1.4892597
3107.17 1.1408244
3107.88 1.3271116
3107.88 1.6769873
3107.88 1.5006837
3107.88 1.5675226
3108.6 1.4045268
3108.6 1.3814187
3109.31 1.4598267
3114.31 1.2991943
3115.03 1.2414674
3115.03 1.4462184
3115.74 1.338545
3116.46 1.1412954
3116.46 1.5013968
3116.46 1.1809931
3117.17 1.3127012
3120.03 1.4346025
3120.03 1.2300749
3120.74 1.3134867
3120.74 1.0988588
3120.74 1.438475
3121.46 1.2577038
3122.17 0.93476146
3122.17 1.212711
3122.17 1.2930286
3122.89 1.5477934
3122.89 1.2674102
3123.6 1.264398
3123.6 1.1702262
3124.31 1.247312
3124.31 1.2269244
3125.03 1.4112675
3125.03 1.0341053
3125.74 1.1614509
3125.74 1.2467136
3126.46 1.425037
3126.46 1.1765879
3129.31 1.3738669
3130.03 1.2885529
3130.03 1.5148247
3130.74 1.4461874
3130.74 1.3290783
3131.46 1.3362402
3132.17 1.5075955
3135.02 1.4899595
3138.59 1.5233576
3139.31 1.4675908
3139.31 1.3714638
3140.02 1.3569211
3144.3 1.4233006
3144.3 1.3255289
3145.02 1.4435477
3145.02 1.404394
3145.73 1.4698281
3145.73 1.5866989
3146.44 1.345522
3146.44 1.8141996
3146.44 1.3439722
3147.16 1.4550507
3147.16 1.6201953
3150.01 1.3734382
3150.72 1.2760005
3150.72 1.272314
3150.72 1.5536864
3155.0 1.2755607
3155.71 1.1700798
3155.71 0.77507424
3155.72 1.4041828
3164.29 1.2326787
3165.0 1.30035
3165.0 1.2851629
3165.0 1.37997
3165.71 1.424386
3165.71 1.3081112
3188.48 1.3900719
3189.19 0.7381863
3189.19 1.3874601
3189.19 1.2762828
3194.17 1.3728187
3194.17 1.4520723
3194.89 1.5933256
3194.88 1.2653207
3195.6 1.1802429
3198.44 1.1475419
3198.44 1.3274767
3199.15 1.3363612
3199.86 1.432741
3199.86 1.352591
3200.58 1.4466778
3204.84 1.369666
3205.56 1.3585782
3206.27 1.2119476
3206.27 1.2600027
3206.98 1.4110906
3206.98 1.376043
3213.38 1.2863622
3213.38 1.4892917
3213.38 1.2464975
3214.09 1.4051131
3214.09 1.1099046
3214.8 1.2668735
3215.51 1.1965325
3216.23 1.5453095
3216.23 1.302613
3216.94 1.5745186
3216.94 1.5589311
3219.78 1.4791917
3219.78 1.3600006
3225.48 1.5588281
3226.19 1.358177
3226.19 1.4667513
3226.9 1.5727998
3227.61 1.5249939
3232.59 1.540516
3233.31 1.6833891
3233.31 1.4927398
3233.31 1.5650558
3236.87 1.5327451
3239.71 1.4938223
3239.71 1.2831801
3239.71 1.711594
3240.42 1.3116478
3241.85 1.6082584
3242.56 1.557049
3242.56 1.4338524
3242.56 1.4236934
3243.27 1.2725431
3243.27 1.4716662
3243.99 1.5177431
3245.41 1.3850979
3249.68 1.301596
3249.68 1.4157281
3253.96 1.4479092
3254.67 1.457259
3254.67 0.91227204
3255.38 1.1151088
3255.38 1.2007529
3258.23 1.4637083
3258.94 0.9920861
3261.79 1.2866204
3262.51 1.3048608
3262.51 1.3556595
3265.36 1.4094319
3265.36 1.4866939
3266.07 1.4309301
3266.07 1.1937134
3268.92 1.3476374
3268.92 1.1702647
3268.92 1.3550937
3268.92 1.4453192
3271.06 1.1952887
3271.78 1.3598044
3271.78 1.3678675
3272.49 1.2648761
3272.49 1.2136052
3275.34 1.3358932
3275.34 1.2309468
3275.34 1.4698229
3276.06 1.5097251
3276.77 1.4735472
3276.77 1.6735477
3276.77 1.5185218
3277.48 1.1769161
3279.62 1.2718996
3280.34 1.3890114
3280.34 1.5585307
3280.34 1.2005532
3280.34 1.505681
3282.48 1.4208304
3282.48 1.4131247
3282.48 1.2731755
3283.19 1.4371051
3283.9 1.5076817
3284.62 1.288769
3284.62 1.6210332
3284.62 1.4374684
3286.05 1.4417427
3286.04 1.1203041
3286.04 1.3264096
3286.76 1.37894
3296.04 1.5172064
3296.76 1.4210225
3296.76 1.6257308
3301.04 1.4483968
3301.76 1.600106
3301.76 1.4243097
3301.76 1.6123008
3302.47 1.3420404
3312.47 1.3689728
3312.47 1.3527894
3313.18 1.5724393
3313.18 1.3207158
3313.18 1.35875
3315.33 1.1359913
3317.48 1.4026262
3317.48 1.296597
3317.48 1.2977154
3318.2 1.3865314
3319.63 1.3727287
3319.63 1.4731197
3319.64 1.5871346
3320.35 1.2562903
3320.35 1.2584314
3323.94 1.4719203
3324.65 1.4450327
3324.65 1.342856
3324.65 1.2490796
3325.37 1.3210585
3329.67 1.3483876
3346.18 1.2775204
3346.18 1.2827088
3346.18 1.116052
3346.89 1.1856941
