3347.79 3.465841
3347.07 3.5672894
3346.35 3.5138383
3346.35 3.4159563
3345.63 3.385847
3344.92 3.6329699
3342.05 3.666463
3341.33 3.5553389
3337.03 3.3267798
3336.31 3.6192942
3335.59 3.5344987
3332.01 3.796517
3332.01 3.4027753
3331.29 3.5113926
3324.12 3.564314
3323.4 3.5223687
3323.4 3.4170144
3322.69 3.494494
3322.69 3.653155
3321.25 3.4310045
3321.25 3.5549388
3318.39 3.5051537
3317.67 3.736807
3316.95 3.16925
3316.24 3.457685
3315.52 3.3532474
3313.37 3.5125575
3312.66 3.3480117
3304.78 3.1909451
3304.06 3.1570616
3304.06 3.1575553
3303.35 3.3224132
3300.48 3.2437384
3299.77 3.184463
3299.77 3.237609
3299.77 3.2265296
3294.76 3.0356305
3294.04 3.3868458
3292.61 3.2808776
3292.61 3.3303175
3291.9 3.33531
3291.9 3.4784548
3289.75 3.4114861
3289.04 3.1317768
3283.32 3.3482013
3283.32 3.4305162
3281.17 3.3625402
3281.17 3.1620505
3280.46 3.5828807
3279.03 3.402208
3279.03 3.5528967
3274.03 3.4402876
3274.03 3.6159604
3273.31 3.724568
3272.6 3.580077
3269.03 3.6617875
3268.31 3.719978
3267.57 3.5797157
3265.43 3.61783
3264.72 3.5931923
3264.01 3.5294178
3263.3 3.7524104
3263.3 3.7112446
3259.74 3.6359785
3259.02 3.3997688
3258.31 3.600868
3256.89 3.5353806
3256.89 3.3498871
3256.18 3.6531343
3255.47 3.4548783
3255.47 3.504841
3253.33 3.506868
3252.62 3.4771557
3252.62 3.43131
3251.91 3.48485
3251.2 3.548216
3251.2 3.4448066
3249.06 3.4870536
3249.06 3.3167198
3248.35 3.5163555
3247.64 3.5881686
3246.93 3.083162
3246.93 3.2789168
3246.22 3.4743128
3246.22 3.5196455
3246.22 3.2409828
3244.09 3.5519729
3244.09 3.7573104
3244.09 3.546131
3243.38 3.5907874
3231.29 3.36428
3231.29 3.379776
3230.58 3.3038578
3229.87 3.4859662
3229.87 3.4838364
3229.16 3.3961384
3228.45 3.253199
3224.89 3.687101
3224.18 3.3651133
3223.47 3.4505281
3222.76 3.4577127
3222.76 3.3661315
3220.63 3.3171406
3219.92 3.410222
3219.21 3.233276
3214.94 3.6768491
3214.94 3.4663277
3208.55 3.4416096
3207.84 3.6093423
3202.86 3.3785791
3202.15 3.1695414
3197.17 3.4455807
3197.17 3.5872738
3197.17 3.5365915
3196.46 3.4705038
3195.04 3.5905993
3195.04 3.151447
3194.33 3.3349962
3190.77 3.4793308
3190.77 3.5592222
3189.35 3.4341242
3188.64 3.3794684
3187.93 3.5062306
3187.93 3.473169
3187.22 3.51291
3185.79 3.5530496
3185.79 3.0820653
3185.79 3.402985
3185.08 3.2547603
3185.08 3.377626
3179.39 3.268296
3178.68 3.263936
3178.68 3.4083014
3177.26 3.3298624
3176.55 3.538839
3172.28 3.538179
3171.56 3.4249353
3167.29 3.226946
3166.58 3.5058575
3165.87 3.430987
3165.15 3.2139854
3165.16 3.445212
3164.44 3.4419553
3164.44 3.4324334
3163.73 3.4347517
3163.02 3.3412764
3160.17 3.4395099
3159.46 3.3616862
3157.32 2.9100747
3156.61 3.4386623
3153.76 3.3248425
3153.04 3.511667
3152.33 3.4614103
3151.62 3.3932803
3143.06 3.4473166
3142.35 3.4915276
3141.63 3.5285566
3140.92 3.5469446
3140.92 3.5543754
3138.78 3.4451425
3138.06 3.343586
3137.35 3.464211
3136.64 3.574707
3125.25 3.7038007
3124.54 3.7443008
3123.1 3.5383382
3122.38 3.7331893
3121.67 3.5585308
3119.51 3.560726
3118.8 3.518006
3118.08 3.5384564
3115.21 3.668724
3114.49 3.3322341
3113.77 3.3100722
3113.06 3.6780834
3110.18 3.138977
3110.18 3.5019772
3108.75 3.519338
3108.75 3.4855533
3106.59 3.4211974
3106.59 3.552221
3100.85 3.4939768
3100.85 3.370736
3097.26 3.3388255
3097.26 3.5169528
3096.54 3.3782427
3095.82 3.5112689
3095.1 3.3871484
3090.07 3.4151685
3089.35 3.3020358
3082.16 3.218961
3081.45 3.3495796
3081.45 3.2666273
3072.82 3.2298458
3072.82 3.4815865
3072.82 2.9073172
3072.1 3.396717
3072.1 3.4865818
3069.94 3.2799842
3069.94 3.0823739
3067.79 3.2002292
3067.07 3.3879235
3063.47 3.2445102
3062.75 3.2566721
3061.32 3.4973047
3060.6 3.2390134
3059.88 3.565313
3059.16 3.417039
3058.44 3.5059323
3057.72 3.3138156
3055.57 3.3665292
3055.57 3.3702168
3054.85 3.4469285
3054.85 3.410998
3052.69 3.4542797
3051.97 3.0644197
3046.22 3.5110297
3046.22 3.6210926
3044.78 3.4293373
3044.07 3.4958763
3043.35 3.4006512
3043.35 3.4155867
3040.47 3.310882
3040.47 3.4944732
3036.16 3.5172853
3035.45 3.4283943
3034.01 3.521037
3033.29 3.572907
3028.98 3.5187457
3028.26 3.7330525
3028.26 3.40968
3027.55 3.4368725
3025.39 3.40032
3024.67 3.459321
3024.67 3.4914372
3023.96 3.3339903
3018.93 3.506515
3018.21 3.5500586
3018.21 3.3880715
3015.34 3.5444906
3014.63 3.4592519
3008.89 3.1703115
3008.89 3.4437153
3008.17 3.1648972
3007.46 3.456091
3006.74 3.1688862
3006.74 3.1639662
3006.02 3.565923
3004.59 3.3687503
3004.59 3.4097247
3003.87 3.1845286
2996.71 3.45408
2995.99 3.385902
2995.99 3.2766075
2989.55 3.4279647
2988.83 3.3840065
2986.68 3.058537
2986.68 3.2841415
2983.82 3.19423
2983.1 3.467362
2980.2 3.0876763
2979.49 3.323205
2978.78 3.3051248
2975.93 3.3547995
2975.22 3.6132243
2974.51 3.399722
2971.66 3.4071352
2970.95 3.4099498
2970.23 3.4296277
2970.23 3.4880743
2968.81 3.4850738
2968.1 3.544865
2968.1 3.044496
2963.83 3.3743496
2963.83 3.4461493
2963.12 3.4995959
2963.12 3.3415
2959.56 3.495361
2958.85 3.6729493
2958.14 3.5385864
2954.58 3.1257207
2953.87 3.53586
2953.87 3.4968019
2941.79 3.642126
2941.79 3.583058
2941.08 3.5304425
2938.94 3.6891673
2938.23 3.6739647
2933.26 3.5472414
2932.55 3.776047
2929.0 3.5622656
2928.28 3.480504
2927.57 3.4295769
2926.86 3.489822
2924.02 3.6999366
2923.31 3.2486024
2922.6 3.439143
2922.6 3.601674
2920.47 3.5621586
2919.76 3.2260237
2914.78 3.274738
2914.78 3.4285038
2913.36 3.2289653
2912.65 3.4494207
2912.65 3.3092084
2911.94 2.9140222
2911.23 3.5074077
2910.52 3.4219608
2909.81 3.4283698
2906.97 3.55896
2906.25 3.4652443
2906.25 3.4335866
2905.54 3.3937416
2904.83 3.3773282
2904.83 3.2525773
2904.12 3.4130764
2903.41 3.5051086
2897.72 3.4678175
2897.72 3.5113816
2897.01 3.7454045
2894.17 3.647473
2893.46 3.596008
2881.36 3.629361
2881.36 3.6989524
2881.36 3.632482
2869.25 3.4013724
2869.25 3.7397354
2868.54 3.689552
2867.83 3.8227026
2861.41 3.755384
2861.41 3.6381266
2859.27 3.6864746
2859.27 3.3365896
2859.27 3.513903
2858.56 3.5063028
2857.13 3.5201516
2857.13 3.5828426
2856.42 3.3686266
2854.99 3.5584066
2854.99 3.6068735
2854.28 3.2178717
2844.29 3.709878
2844.29 3.6947658
2841.43 3.4413261
2840.72 3.5324755
2827.85 3.5150852
2827.13 3.5047617
2825.69 3.5793266
2824.97 3.589206
2824.25 3.5792253
2817.79 3.5125291
2817.07 3.5448403
2813.47 3.6688433
2812.75 3.658776
2812.03 3.0669987
2808.44 3.4144218
2807.72 3.206921
2807.0 3.5117388
2801.24 3.479462
2800.52 3.4321165
2794.05 2.9364686
2793.33 3.2603328
2792.61 3.0993853
2788.29 2.8295262
2787.57 3.0593565
2786.85 2.9371932
2786.85 2.8764274
2786.13 3.2174459
2781.81 2.2566652
2781.09 2.9365745
2767.41 3.3328125
2766.69 3.197732
2765.97 3.3734314
2762.37 3.7564073
2762.37 3.6913133
2761.65 3.496863
2760.93 3.514888
2760.21 3.4529297
2759.49 3.5205317
2754.46 3.6704347
2753.74 3.5970907
2751.58 3.6340616
2751.58 3.5569859
2748.7 3.5265458
2748.7 3.5570695
2746.54 3.5303638
2745.82 3.5986552
2745.82 3.5892181
2741.51 3.551606
2740.79 3.5454822
2739.35 3.257746
2738.63 3.5407436
2737.91 3.4134078
2737.91 3.250059
2737.19 3.2712152
2735.76 3.3118804
2735.04 2.9073956
2734.32 3.4226217
2732.88 2.9609778
2732.88 3.2998416
2732.16 3.2079332
2730.72 3.4580038
2730.72 3.2568147
2728.57 3.258222
2727.85 3.1810625
2722.82 3.3516376
2722.82 2.845875
2722.1 3.437938
2718.51 3.3177345
2717.8 3.1675768
2717.8 3.0611157
2713.49 3.5534508
2712.77 3.351203
2712.77 3.4227612
2711.34 3.3488743
2710.62 3.4287522
2709.19 3.2660997
2709.18 3.0743146
2707.75 3.1540987
2707.75 3.263017
2707.03 3.4505742
2706.32 3.5267546
2706.32 3.3389297
2706.32 3.52515
2704.88 3.508834
2704.88 3.5990539
2699.15 3.6263108
2699.15 3.4740725
2696.28 3.441874
2695.52 3.3664389
2694.09 3.3202786
2693.38 3.5875459
2690.53 3.086798
2689.81 3.2980194
2689.1 3.4107623
2689.1 3.3676293
2688.39 3.6828666
2686.96 3.6167033
2686.25 3.4304817
2685.54 3.4239929
2684.82 3.5481246
2684.11 3.4257934
2683.4 3.371372
2683.4 3.1239805
2682.69 3.358762
2679.84 3.527254
2679.84 3.3057783
2679.83 3.1869512
2679.12 3.4942381
2676.99 3.245059
2676.27 2.9078197
2676.27 3.120872
2674.14 3.264121
2673.43 3.336515
2666.31 3.302419
2665.6 3.4672666
2664.88 3.315351
2664.17 3.336864
2664.17 3.2811046
2662.75 3.437466
2662.04 3.3525412
2661.33 3.403706
2659.9 3.3721535
2659.19 3.5458438
2658.48 3.2926228
2653.5 3.1796486
2653.5 3.1891618
2646.39 3.5684512
2645.68 3.4246671
2642.12 3.463773
2641.41 3.6417294
2633.59 3.5009952
2632.88 3.2662401
2632.17 3.6298583
2632.17 3.483596
2631.46 3.6688683
2631.46 3.663422
2627.19 3.698652
2626.48 3.568643
2625.77 3.7279804
2624.35 3.5461824
2623.64 3.740497
2622.21 3.5992892
2621.5 3.62718
2614.39 3.642977
2613.68 3.1875806
2610.12 3.4555433
2610.12 3.4474301
2603.72 3.3247428
2603.01 3.4074297
2597.31 3.308046
2596.6 3.4659371
2595.89 3.2306023
2595.89 3.038779
2595.18 3.3052096
2591.62 3.3082232
2591.62 3.279844
2585.92 2.9125428
2585.92 3.0859396
2585.21 3.1708827
2584.5 2.8375022
2583.78 2.5546982
2561.68 3.4647288
2560.97 3.3574154
2558.83 3.430659
2558.83 3.476631
2558.83 3.5770602
2558.12 3.594247
2557.4 3.4573667
2556.69 3.3168285
2556.69 3.7119951
2555.97 3.5153306
2555.26 3.3399048
2548.14 3.5029607
2548.14 3.4015665
2546.71 3.5039918
2546.71 3.5551987
2545.27 3.6581566
2544.56 3.5224454
2544.56 3.5259905
2543.84 3.7387059
2543.12 3.7129772
2540.97 3.7011824
2540.25 3.5149765
2540.25 3.3231378
2539.53 3.559202
2539.53 3.7115924
2537.38 3.7106
2536.66 3.6448553
2536.66 3.6874907
2535.94 3.703116
2535.94 3.6973193
2525.17 3.3303142
2524.45 3.4381218
2518.7 3.1598418
2517.98 3.7039378
2516.54 3.2586966
2515.83 3.4381816
2515.83 3.4051952
2515.11 3.325167
2512.95 3.090053
2512.95 3.5108058
2512.95 3.272586
2511.51 3.0780995
2510.79 3.3278913
2508.64 3.3794289
2507.92 3.26593
2506.48 3.46912
2506.48 3.4537907
2500.73 3.0605855
2500.73 3.20017
2500.01 3.3933094
2499.29 3.476114
2498.57 3.3519018
2498.57 3.4274263
2497.85 3.5412307
2494.98 3.4634256
2494.26 3.5371306
2492.82 3.5252209
2492.1 3.5903018
2491.38 3.7025368
2491.38 3.4498808
2490.66 3.1148865
2487.79 3.5773504
2487.07 3.66079
2483.47 3.4821885
2482.76 3.3522918
2482.04 3.6414516
2482.04 3.4577281
2481.32 3.2639916
2480.6 3.1772494
2475.57 3.302709
2474.85 3.2539988
2471.98 3.371241
2471.98 3.3961697
2465.51 3.0465856
2464.79 2.98689
2451.87 3.3124795
2451.15 3.2772732
2450.43 3.2613487
2445.41 3.187532
2444.69 3.495531
2443.98 3.584907
2441.82 3.3967924
2441.82 3.363027
2439.67 3.2096
2439.67 3.751894
2438.96 3.5191445
2438.96 3.6318278
2436.81 3.5227563
2436.09 3.5313487
2435.37 3.4592316
2435.37 3.532172
2434.65 3.5182462
2434.65 3.112421
2433.22 3.4880583
2432.51 3.6225848
2432.51 3.6460989
2429.64 3.6952643
2428.92 3.61517
2428.92 3.7241294
2428.21 3.5641913
2427.49 3.5577843
2426.77 3.6685262
2426.06 3.5323532
2425.34 3.6400077
2422.48 3.653754
2421.76 3.5800583
2417.47 3.386603
2417.47 3.5527668
2416.04 3.1933737
2415.32 3.5423622
2413.89 3.477477
2413.18 3.576281
2412.46 3.2249265
2412.46 3.4993382
2411.03 3.2795758
2411.03 3.4104908
2411.03 3.379009
2407.42 3.1564736
2407.42 3.5249717
2406.71 3.8001025
2406.71 3.4998486
2398.17 3.3336427
2397.46 3.424536
2397.46 3.4600725
2393.19 3.3700132
2392.48 3.3014073
2391.77 3.4289608
2391.77 3.5911362
2383.95 3.6772602
2383.95 3.6022236
2380.4 3.5560853
2380.4 3.7926824
2379.69 3.446209
2375.43 3.5746267
2374.72 3.517925
2374.01 3.7565274
2361.94 3.6630595
2361.23 3.456779
2361.23 3.279182
2360.52 3.4366088
2359.81 3.3134587
2359.1 3.3446705
2349.16 3.2901304
2349.16 3.2354636
2339.22 3.4378324
2339.22 3.427066
2338.51 3.318262
2335.67 3.5292387
2334.96 3.5401657
2331.41 3.4861703
2330.7 3.3536668
2329.28 3.1806245
2328.57 3.3179545
2327.86 3.460123
2322.18 3.3833404
2321.47 3.4613297
2312.95 3.490987
2312.95 3.5726995
2312.23 3.462524
2311.52 3.4890456
2310.81 3.3336537
2295.88 3.4838104
2295.88 3.2638288
2283.06 3.4659274
2283.06 3.1470613
2283.06 3.5805774
2275.93 3.1942554
2275.22 3.2624576
2274.51 3.125873
2273.79 3.1981401
2273.79 3.3524168
2272.37 3.289431
2272.37 3.3110266
2271.65 3.254344
2270.94 2.977987
2270.94 3.1852603
2270.23 3.3646197
2269.51 2.9335406
2268.8 3.2177682
2260.96 3.2432687
2260.96 3.4853852
2260.25 3.1614864
2260.25 3.3103826
2259.53 3.2322452
2258.1 3.4884145
2257.38 3.3448248
2247.34 3.4652202
2247.34 3.2737916
2246.62 3.3907413
2243.03 3.4360135
2243.03 3.3643267
2238.0 2.9861155
2237.28 3.5155106
2233.69 3.330623
2233.69 3.4767437
2232.97 3.4992733
2231.53 3.2346594
2231.53 3.52224
2231.53 3.1748793
2229.38 3.5647464
2229.38 3.4105384
2228.66 3.0531273
2227.94 3.4379318
2223.63 3.2970002
2222.91 3.648028
2221.47 3.560637
2221.47 3.3561614
2220.75 3.5216804
2217.88 3.3633718
2217.88 3.2969017
2215.0 3.4435015
2214.28 3.2398286
2209.96 3.4699864
2209.25 3.475983
2204.93 3.3314128
2204.93 3.2557638
2204.21 3.5076947
2203.49 3.1249344
2201.33 3.2439055
2200.61 3.478675
2198.45 3.1783123
2197.73 3.3578835
2197.01 3.31384
2197.01 3.3187814
2196.3 3.3790133
2186.94 3.3989987
2186.22 3.0537844
2185.5 3.2661674
2185.5 3.331855
2171.12 3.538711
2170.4 3.6634512
2165.36 3.401014
2164.64 3.4479911
2159.61 3.3134756
2158.89 3.5263739
2158.17 3.3029208
2157.45 3.1983542
2147.39 3.257302
2146.68 3.396656
2145.96 3.3735545
2145.24 3.4397893
2140.93 3.4420905
2140.21 3.5864153
2135.19 3.525193
2135.19 3.493072
2130.88 3.591786
2130.16 3.252351
2125.14 3.6962004
2124.42 3.6272662
2123.67 3.2196753
2117.24 3.2426932
2116.52 3.49613
2116.52 3.6214263
2109.38 3.022426
2108.66 3.3264241
2107.95 3.2133155
2107.23 2.9504511
2095.1 3.318401
2094.39 3.351188
2083.68 3.625377
2083.68 3.327251
2076.55 3.3340957
2075.84 3.4436042
2075.13 3.7700703
2074.41 3.527148
2071.56 3.622947
2071.56 3.434992
2069.42 3.2423248
2068.71 3.5743675
2068.71 3.537842
2068.0 3.4213564
2065.15 3.546163
2064.43 3.5804486
2064.43 3.5153804
2063.72 3.395456
2063.01 3.3797503
2063.01 3.381139
2062.3 3.4854267
2058.02 3.3656213
2057.31 3.572919
2056.59 3.5963793
2053.03 3.6338906
2052.32 3.458505
2045.19 3.7073317
2045.19 3.6864133
2038.06 3.6261754
2037.35 3.597478
2036.64 3.5926027
2035.92 3.6930737
2034.5 3.691011
2033.79 3.6470733
2023.09 3.5539825
2022.38 3.5649555
2020.95 3.529216
2020.24 3.5823786
2015.25 3.6949818
2014.53 3.6360471
2008.83 3.6843472
2008.11 3.67352
2006.69 3.7136455
2005.97 3.678822
2005.97 3.8084369
2005.26 3.7422805
2002.41 3.4840553
2001.69 3.7137885
1999.55 3.6960166
1998.84 3.6305087
1998.12 3.8250532
1997.41 3.801945
1996.7 3.638283
1996.7 3.7384222
1995.98 3.6795797
1995.27 3.7787392
1993.84 3.7315178
1993.84 3.5776286
1988.13 3.5293248
1988.13 3.7345073
1987.41 3.332411
1985.99 3.605567
1985.27 3.5830863
1977.43 3.4956634
1976.72 3.2286987
1976.72 3.8707027
1976.72 3.4677322
1976.0 3.780977
1969.55 3.4853225
1969.55 3.4068797
1965.25 3.4059212
1964.54 3.4367468
1941.59 3.397736
1940.87 3.3202076
1939.44 3.197144
1939.44 3.4074578
1938.72 3.304947
1938.0 3.588821
1937.28 3.2118654
1927.96 3.2418573
1927.96 3.555362
1925.8 3.6686566
1925.09 3.413438
1925.09 3.513208
1922.93 3.531854
1922.22 3.6961398
1921.5 3.467216
1915.76 3.4978666
1915.76 3.41775
1906.43 3.3939774
1906.43 3.5112097
1904.99 3.4010093
1904.99 3.5337899
1903.56 3.5318787
1902.84 3.5067804
1900.69 3.4681387
1899.97 3.229373
1899.97 3.49805
1899.25 3.4208884
1892.07 3.20851
1892.08 3.4928758
1889.92 3.1975582
1889.2 3.0552518
1887.05 3.3019695
1887.05 3.40183
1864.82 3.6569278
1864.82 3.3224916
1864.1 3.3161235
1852.63 3.3606331
1852.63 3.093473
1851.92 3.3546038
1846.9 3.200429
1846.9 3.2036839
1846.19 3.4083402
1844.75 3.230555
1844.04 3.2837512
1844.04 3.3364208
1843.32 3.1945817
1842.6 3.2870333
1839.02 3.1938367
1839.02 3.5296254
1838.31 3.3577232
1824.0 3.633187
1824.0 3.6495192
1821.14 3.6308358
1820.43 3.5446293
1818.28 3.7055252
1817.57 3.5176349
1811.86 3.471336
1811.86 3.5647895
1811.14 3.5000532
1798.3 3.5093176
1797.58 3.622819
1796.87 3.421905
1796.16 3.4507513
1796.16 3.596602
1794.73 3.5048041
1794.73 3.420978
1783.32 3.6035473
1782.6 3.5400798
1781.89 3.4982636
1778.33 3.2791238
1777.61 3.3855646
1776.9 3.5112057
1776.19 3.3079488
1765.5 3.5354354
1765.49 3.4944234
1752.67 3.5835989
1751.96 3.4826767
1751.24 3.6441712
1749.1 3.5192134
1749.11 3.5840368
1747.68 3.3106399
1747.68 3.6491673
1743.4 3.2803216
1742.69 3.4890702
1741.98 3.5405664
1741.27 3.320007
1737.7 3.364503
1737.7 3.3649578
1736.28 3.474438
1735.57 3.4481156
1733.43 3.513026
1732.72 3.592182
1730.58 3.622734
1729.87 3.5064342
1726.31 3.6671088
1726.31 3.4981081
1724.88 3.3603015
1724.88 3.5545642
1724.88 3.741738
1714.91 3.4179204
1714.91 3.5168836
1712.77 3.652869
1712.06 3.188586
1711.34 3.5360057
1708.49 3.5481036
1708.49 3.4228535
1707.07 3.519162
1706.36 3.5606062
1703.51 3.5149286
1702.79 3.6661732
1700.65 3.475091
1700.66 3.5985844
1697.09 3.357984
1696.38 3.4903386
1695.67 3.4052718
1695.67 3.235437
1694.96 3.4990022
1691.39 3.1307185
1690.68 3.3243284
1690.68 3.456934
1689.97 3.403581
1686.4 3.5134106
1686.4 3.4203513
1685.69 3.5210018
1685.69 3.0491154
1684.26 3.3630846
1683.55 3.241178
1680.7 3.3328066
1679.98 3.289065
1679.27 3.2756689
1662.86 3.399487
1662.86 3.547647
1660.01 3.5253425
1660.01 3.6211023
1659.29 3.6425445
1652.15 3.551324
1651.44 3.5713742
1651.44 3.606029
1650.73 3.237726
1650.73 3.297391
1645.01 3.50467
1644.3 3.66363
1643.59 3.640794
1641.45 3.6381617
1641.45 3.526268
1641.45 3.6515057
1635.73 3.6236503
1635.73 3.4318502
1635.02 3.5372365
1626.45 3.4948373
1626.45 3.1973658
1620.73 3.2766893
1620.02 3.0538259
1619.3 3.3663926
1618.59 3.506758
1618.59 3.1082387
1607.87 3.3285856
1607.15 3.3202827
1584.27 3.5124311
1584.27 3.6359096
1581.41 3.5849504
1580.7 3.1421063
1579.98 3.6621797
1577.12 3.4404955
1577.12 3.011004
1564.96 3.3723583
1564.96 3.4696436
1562.1 3.4417956
1562.1 3.3435585
1561.38 3.4750884
1559.23 3.2738645
1559.23 3.350554
1558.52 3.3298924
1553.51 3.1486108
1553.51 3.2239256
1549.22 3.3087757
1548.5 3.4694853
1547.79 3.4523108
1544.92 3.241659
1544.21 3.432119
1543.49 3.2544098
1535.61 3.495849
1535.61 3.585773
1534.9 3.1788182
1534.9 3.366254
1534.18 3.5402443
1533.47 3.6518776
1529.89 3.7787719
1529.89 3.6067247
1526.3 3.666492
1526.3 3.6397142
1514.13 3.5984955
1513.41 3.4221466
1512.7 3.311349
1508.4 3.488886
1507.68 3.5875
1506.97 3.540648
1506.25 3.6006975
1503.39 3.615436
1503.39 3.5404053
1501.24 3.3899808
1500.52 3.712921
1500.52 3.4672227
1499.81 3.4158962
1494.79 3.5878797
1494.08 3.5023625
1493.36 3.6226501
1489.07 3.669523
1488.35 3.5597477
1487.63 3.341386
1484.05 3.5498457
1483.34 3.3668227
1470.45 3.568246
1469.73 3.352857
1469.73 3.7124777
1469.02 3.6816547
1446.83 3.349524
1446.12 3.4505024
1431.81 3.3372552
1431.09 3.4370177
1431.09 3.475569
1424.66 3.1358078
1423.94 3.33825
1418.22 3.410023
1417.51 3.47135
1416.08 3.5160768
1415.36 3.5006642
1414.65 3.53441
1413.93 3.5150268
1413.93 3.5470192
1412.5 3.2258415
1411.79 3.612971
1408.2 3.533779
1408.2 3.5810146
1406.77 3.6813672
1406.77 3.5111575
1405.35 3.7129457
1404.63 3.645329
1403.92 3.5350697
1403.2 3.6816256
1390.35 3.4768343
1389.64 3.621869
1388.21 3.590994
1388.21 3.8340738
1385.36 3.6514258
1384.64 3.753421
1380.36 3.770259
1380.36 3.608632
1375.37 3.7545652
1374.65 3.6170015
1373.94 3.613881
1373.94 3.5526044
1353.95 3.1504667
1353.96 3.2761884
1353.24 3.1661606
1348.96 3.164642
1348.25 3.2508361
1347.53 2.7389805
1346.82 3.3830674
1346.82 3.0065148
1339.68 3.3318107
1338.97 3.1227114
1338.25 2.7636218
1338.25 3.2675633
1337.54 3.091439
1336.82 3.0659575
1331.83 3.2721446
1331.83 3.2510457
1311.12 3.7758043
1310.4 3.6727169
1304.69 3.5239825
1303.97 3.8241448
1303.26 3.3555973
1303.26 3.7523482
1295.4 3.5821404
1294.68 3.5105965
1291.11 3.24279
1290.39 2.906113
1289.68 3.4685693
1276.81 3.2163327
1276.81 3.459673
1261.79 3.4449408
1261.79 3.363301
1257.49 3.5860877
1257.49 3.4666932
1256.78 3.519878
1255.34 3.597694
1255.34 3.2043462
1255.34 3.2860432
1254.63 3.332226
1253.19 3.4089386
1252.48 3.556991
1247.46 3.1475568
1246.74 3.389714
1213.03 3.604805
1213.03 3.6611166
1200.83 3.730625
1200.11 3.7963457
1191.51 3.7947783
1190.79 3.483755
1187.92 3.56477
1187.92 3.5735943
1183.62 3.4736948
1183.62 3.7030046
1177.88 3.077914
1177.16 3.2616162
1170.71 3.073194
1169.99 2.8465261
1169.27 3.4971359
1169.27 3.1554234
1168.56 3.093786
1167.84 3.1653283
1167.12 3.3980381
1159.24 3.3631284
1159.24 3.2983515
1158.52 3.212984
1154.94 3.3850055
1154.94 3.0111191
1154.22 3.3895538
1152.79 3.2923517
1152.07 3.5185483
1147.77 3.3337288
1147.77 3.242047
1144.91 3.4238026
1144.19 3.4260383
1141.33 3.1754313
1140.61 3.2530456
1139.18 3.412119
1138.46 3.4385173
1137.75 3.4980745
1130.59 3.472243
1129.87 3.2475777
1127.01 3.4147453
1126.29 3.3965816
1124.14 3.37017
1124.14 3.3230536
1119.83 3.2565763
1119.12 3.4615667
1118.41 3.551678
1118.41 3.4834921
1117.69 3.420611
1117.69 3.5002983
1115.55 3.5427425
1114.83 3.4393904
1114.12 3.5426424
1112.69 3.5240414
1111.98 3.4013405
1104.84 3.2005696
1104.12 3.260947
1103.41 3.390776
1102.7 3.4748998
1101.98 3.3209414
1096.99 2.9029772
1096.99 3.3673892
1096.27 2.8497102
1096.27 3.3306265
1096.27 3.351272
1095.56 3.1396298
1094.85 3.380454
1094.85 3.2671635
1091.28 3.3704844
1090.56 3.156705
1090.56 3.162873
1089.85 3.2238684
1089.85 3.0050383
1089.85 3.1336052
1088.42 3.1508234
1088.42 3.30211
1087.71 3.215192
1084.14 3.1907012
1083.43 2.6316175
1083.43 3.1880014
1083.43 3.228478
1082.71 3.2545033
1082.0 3.1757243
1081.29 3.154129
1079.86 3.0639858
1079.15 3.0689852
1079.15 3.0557182
1077.01 3.1992834
1077.01 3.3894339
1076.29 3.3997803
1075.58 3.4765475
1075.58 3.244408
1069.16 3.637298
1068.45 3.4739504
1064.88 3.6402888
1064.17 3.5726833
1063.45 3.6492596
1052.04 3.5473423
1051.33 3.6715174
1050.61 3.4617505
1049.9 3.527578
1048.47 3.6832123
1047.76 3.7356224
1047.05 3.5289087
1046.33 3.3948898
1029.21 3.4606457
1029.21 3.5835824
1026.36 3.44352
1026.35 3.3791275
1024.93 3.442684
1024.21 3.1915326
1022.79 3.4423172
1022.07 2.8259568
1022.07 3.3590555
1013.51 3.2340481
1013.51 3.3867383
1012.79 3.2715428
1012.79 3.2335598
1007.8 3.1635187
1007.08 3.365784
999.94 3.3563962
999.23 3.2106743
997.8 3.4135892
997.08 3.4231935
992.8 3.6935391
992.8 3.4249697
982.8 3.2989995
982.08 3.3278883
982.08 3.41509
981.37 3.3770106
977.1 3.4466012
977.1 3.2143989
974.23 3.317476
973.52 3.2448707
964.92 3.273435
964.2 3.3954377
963.49 3.4484699
962.77 3.431166
962.77 3.4735951
962.05 3.2979863
961.34 3.4352956
960.62 3.3278925
959.9 3.1791582
958.47 3.4664476
958.47 3.4999058
958.47 3.3129845
954.89 3.5125504
954.89 3.4471598
949.15 3.6060135
948.44 3.4858015
947.72 3.665828
946.29 3.5454996
946.29 3.5162034
944.85 3.5153418
944.14 3.5963514
943.42 3.477651
943.42 3.5737114
929.08 3.016193
929.08 3.5209038
924.07 3.482904
923.35 3.4363072
922.64 3.5849273
922.63 3.472924
921.92 3.4939537
921.2 3.5164912
913.32 3.3786352
913.32 3.4247642
905.44 3.6248596
905.44 3.0606081
904.72 3.454403
899.71 3.426784
899.71 3.5329027
886.82 3.268793
886.11 3.3699899
870.37 3.2757368
870.37 3.4807427
868.94 3.4834516
868.22 3.5947695
867.51 3.320362
863.93 3.2946618
863.22 3.5304115
860.36 3.3656728
859.64 3.389214
858.93 3.4078462
854.64 3.2757983
854.64 3.4056647
853.93 3.3487072
841.07 3.5453348
840.36 3.555436
836.05 3.5871992
835.33 3.6595082
825.37 3.7720025
825.37 3.8490622
823.95 3.8667734
823.95 3.853632
823.95 3.6641276
820.39 3.5728376
819.68 3.783482
818.26 3.7834973
817.55 3.6657355
813.28 3.682229
812.57 3.8996387
810.44 3.644791
809.73 3.7331672
809.02 3.552657
809.02 3.7103047
807.6 3.774021
806.88 3.7565656
806.17 3.5023034
806.17 3.5056593
805.46 3.579139
804.04 3.534595
803.33 3.9810483
803.33 3.5992224
803.33 3.677776
802.62 3.517618
801.91 3.8323388
791.96 3.4635305
791.96 3.6238778
787.69 3.6977444
786.98 3.6247122
785.56 3.6671875
785.56 3.81483
777.74 3.5209215
777.03 3.658734
776.32 3.5747538
772.05 3.6635795
772.05 3.5504332
769.21 3.4526587
769.21 3.6112578
768.5 3.7754323
765.65 3.290693
765.65 3.3437884
764.94 3.525012
750.0 3.4347725
749.29 3.57618
749.29 3.4893432
747.87 3.2657874
747.87 3.5607917
732.2 3.406505
732.2 3.3855858
731.49 3.4790936
731.49 3.4178166
720.8 3.166503
720.09 3.197227
717.95 3.3293762
717.23 3.2741008
715.09 3.1745412
714.38 3.2390735
712.24 3.1829526
712.24 3.1896064
704.39 3.306894
704.39 3.3126023
701.53 3.3173442
700.82 3.3921094
699.39 3.2874703
698.68 3.4027772
692.27 3.3725946
691.55 3.2336059
690.12 3.4658155
690.12 3.2756248
687.25 3.4635398
686.53 3.299941
685.82 3.4407408
680.8 3.4779868
680.08 3.4840448
680.08 3.1863537
678.64 3.3699
677.93 3.3672647
672.18 3.7257876
671.47 3.8197603
668.59 3.5887253
668.59 3.5958989
658.54 3.6557481
657.82 3.4165807
655.66 3.5233393
655.66 3.5324547
654.94 3.5351858
644.16 3.5094962
643.44 3.3839426
642.72 3.11706
642.72 3.4362824
641.29 3.2461264
640.57 3.2706146
640.57 3.351604
636.97 3.2766576
636.25 3.3483326
632.66 3.3441725
632.66 3.4016974
626.91 3.2197936
626.91 3.2251134
626.19 3.2953265
618.28 3.4148958
617.56 3.3138168
617.56 2.8107517
608.21 3.2242265
607.49 3.6227465
606.77 3.5031428
603.18 3.5724096
602.46 3.5589612
602.46 3.5290236
601.74 3.4844842
601.02 3.6989555
597.43 3.856208
596.71 3.825613
595.99 3.8064399
595.27 3.6858287
594.55 3.632722
594.56 3.7545924
590.96 3.7637904
590.24 3.8613777
589.53 3.842232
588.81 3.611362
588.81 3.4914217
588.09 3.4865477
588.09 3.8094568
577.31 3.8748915
577.31 3.7764719
576.6 3.6450946
575.16 3.7081714
575.16 3.6631901
567.98 3.6552474
567.26 3.5852087
567.26 3.605452
566.55 3.565431
565.83 3.5573797
558.65 3.7735384
558.65 3.8286426
557.94 3.7406423
536.44 3.1135302
536.44 3.2495682
535.73 3.4418175
527.88 3.422823
527.16 3.4203892
526.45 3.4096053
526.45 3.339677
524.31 3.2376437
524.31 3.464263
522.16 3.3748765
521.45 3.374113
521.45 3.580549
520.74 3.3006425
517.88 3.44848
517.17 3.7311804
498.63 3.6941686
497.91 3.4599292
497.91 3.416102
495.77 3.6699283
495.77 3.6508183
495.06 3.4801922
494.35 3.5394394
492.92 3.533682
492.21 3.4581218
492.21 3.4722462
490.78 3.657517
490.07 3.496759
490.07 3.5086086
489.36 3.2699633
489.36 3.369967
489.36 3.4676056
487.93 3.3223164
487.22 3.5738165
484.37 3.4248023
483.65 3.4604397
479.38 3.3955958
479.38 3.2720237
477.95 3.411852
477.24 3.3562465
477.24 3.2759128
476.52 3.2451327
475.81 3.3758895
475.81 3.2164645
470.82 3.1320584
470.82 3.348726
470.11 3.2844288
469.4 3.211262
468.68 3.1924968
462.98 3.2006679
462.27 3.1578434
461.55 3.3407774
460.84 3.3827093
460.13 3.261324
457.99 3.2988162
457.28 3.3370817
453.0 3.208032
452.28 3.2897303
447.29 3.1337264
447.29 3.343715
443.73 3.1820977
443.73 3.360821
443.01 3.278591
443.01 3.2324724
439.45 3.2658122
439.45 3.3305643
435.17 3.2212768
434.45 3.5359495
434.45 3.3451426
433.74 3.2999845
430.17 3.526826
429.46 3.4651666
428.75 3.4222257
428.75 3.44782
423.75 3.6042101
423.04 3.2397223
422.32 2.928167
414.47 3.356716
413.76 3.376891
413.04 3.275923
413.04 3.2567382
412.33 3.2392957
411.61 3.2424543
395.18 3.658111
395.18 3.5597472
391.6 3.6966548
391.6 3.4971306
382.28 3.653845
382.28 3.5329154
379.42 3.4955046
379.42 3.3218272
375.12 3.272964
374.4 3.2923763
369.38 3.5364697
369.38 3.4462411
365.8 3.30213
365.8 3.2918777
364.36 3.1617074
363.65 3.1211824
362.93 3.362055
350.74 3.6237876
350.74 3.4163287
345.73 3.6218038
345.73 3.734915
336.41 3.6480796
335.69 3.5804074
333.54 3.5535321
332.82 3.4723551
332.11 3.2820263
331.39 3.4921176
328.52 3.172874
327.8 3.2711236
321.36 3.595804
320.64 3.5120797
319.92 3.630693
310.61 3.4838119
309.89 3.3096223
309.18 3.584357
306.31 3.5469487
305.6 3.6736598
304.88 3.5645018
304.88 3.6901257
300.58 3.6176295
299.87 3.4849765
299.15 3.4749713
284.84 3.3407936
284.12 3.52548
279.83 3.7023838
279.12 3.5668688
274.82 3.297484
274.82 3.5245173
271.25 3.2707093
270.53 3.4402988
266.96 3.3501854
266.96 3.5087345
263.37 3.469733
262.66 3.4995103
261.94 3.4906654
261.23 3.581191
259.09 3.4270463
259.09 3.3309596
251.96 3.4376693
251.96 3.3878648
251.25 3.3363166
239.14 3.5438652
238.43 3.5559125
234.86 3.544891
234.86 3.583038
232.73 3.4046807
232.73 3.6251185
227.74 3.5930543
227.03 3.4325254
218.49 3.4011757
217.78 3.4477117
217.78 3.3080099
215.64 3.2169187
214.93 3.4483495
209.95 3.516214
209.95 3.308033
206.39 3.4739306
206.39 3.3818626
197.14 3.318081
197.14 3.2592576
196.43 3.315701
195.72 3.3053849
195.72 3.1099586
195.01 3.4109626
195.01 3.3645134
192.16 3.4653435
191.45 3.417536
186.47 3.42508
185.76 3.2547467
185.76 3.1421719
172.95 3.1775196
172.24 3.1082938
171.52 3.38669
170.81 3.2358453
170.81 3.1207378
169.39 3.1566434
169.39 3.1122742
155.15 3.5458376
154.44 3.403796
153.73 3.409808
153.02 3.4051952
152.3 3.1687875
149.46 3.3646896
148.75 3.7383032
147.32 3.194376
146.61 3.4863677
143.05 3.136627
142.33 3.2590272
142.33 3.3339167
139.48 3.267767
139.48 3.331236
127.37 3.4220686
127.37 3.564149
125.94 3.228811
125.23 3.4431362
124.52 3.319601
124.52 3.5137396
111.68 3.4532616
110.97 3.4807465
103.11 3.611957
102.39 3.5848572
99.53 3.5553896
98.82 3.4176204
98.11 3.6186466
97.39 3.5421731
95.24 3.3219132
95.25 3.7370193
88.81 3.5654757
88.09 3.600016
85.23 3.6974533
85.23 3.5234203
84.52 3.571735
81.66 3.713078
80.94 3.5968344
75.22 3.5837052
74.5 3.4777
72.35 3.435507
71.64 3.8060565
50.88 3.647558
50.16 3.7053366
48.01 3.7143195
47.3 3.5893552
43.0 3.6094272
43.0 3.6684108
34.4 3.279926
33.68 3.5444684
32.97 3.3298328
32.25 3.5500708
29.39 3.5752199
28.67 3.646243
28.67 3.7436657
15.77 3.5769541
15.05 3.5619328
9.32 3.5875802
9.32 3.5270612
8.6 3.6322057
7.89 3.8171391
6.45 3.3038406
5.74 3.5984762
3.58 3.3389192
3.58 3.6176858
2.15 3.3480535
1.43 3.3096433
0.72 3.271116
0.0 3.2587662
