3343.66 4.111196
3343.66 4.002059
3342.95 3.9298577
3231.51 4.1695914
3189.39 4.2391133
3188.67 3.8507442
3188.67 4.3026433
3176.54 3.9932764
3176.54 3.9174552
3175.82 4.096011
3172.96 3.8854232
3172.24 3.782058
3172.24 4.2074924
3157.98 4.024922
3107.33 4.234941
3106.62 4.408378
3106.62 4.2917595
3105.9 4.2304554
3043.01 4.1522236
3043.01 4.0879765
3042.29 3.7300305
3042.29 3.8320718
3029.42 4.343974
3029.42 4.355046
3028.7 4.1637034
3028.7 4.024181
3014.36 4.4279346
3013.64 4.463294
3013.64 4.3222947
2960.51 4.2137866
2959.79 4.6899195
2959.79 4.1124434
2948.3 4.3411756
2933.23 4.148038
2911.71 4.1598988
2906.69 4.1444373
2905.97 3.9223392
2905.26 4.2241387
2903.1 3.867037
2902.39 4.1841173
2902.39 4.0691996
2902.39 4.3180704
2879.45 3.9986582
2879.46 4.178263
2878.74 4.176331
2878.74 4.385737
2878.03 4.13259
2869.45 3.9512858
2869.45 4.1061335
2868.73 3.966344
2863.73 3.6804857
2863.73 4.1091194
2863.02 4.207985
2859.44 3.984967
2808.03 4.091356
2807.32 4.025894
2807.32 4.5487237
2791.61 4.220561
2791.61 4.0028806
2790.89 3.8840177
2790.89 4.003208
2745.87 4.286653
2745.16 4.07019
2745.16 4.5630903
2682.82 4.267809
2682.82 4.346549
2682.1 4.471397
2659.88 4.0540237
2642.67 4.257498
2642.67 4.245674
2641.95 3.987104
2609.71 4.2505217
2561.09 3.83886
2560.38 3.3095648
2560.38 4.1239247
2558.95 4.2652183
2558.95 4.26446
2558.24 3.9807513
2557.52 3.9344232
2534.68 4.137375
2533.96 4.1404285
2533.25 4.371301
2518.26 3.97875
2474.74 4.4178367
2474.74 4.2907443
2474.02 4.187253
2396.16 4.238593
2362.54 4.327288
2361.82 4.3791375
2361.82 4.3575053
2325.32 3.9435925
2325.32 3.9564533
2324.61 3.624318
2311.0 4.1554813
2311.0 3.9288259
2310.29 4.0868187
2309.57 4.1579776
2303.84 4.270377
2303.84 3.8332682
2303.13 3.8703744
2275.91 4.6216097
2270.9 4.3311305
2270.9 4.3338156
2270.18 4.4570007
2262.31 4.5372562
2261.59 4.3884754
2261.59 4.4367623
2230.8 4.337302
2230.08 4.267561
2230.08 4.466631
2190.71 4.093163
2190.0 4.142648
2190.0 4.116323
2190.0 4.2036653
2171.39 4.0473123
2171.39 4.181711
2170.68 4.232264
2151.37 4.122483
2150.66 4.2126713
2150.66 4.278775
2149.23 4.3333716
2148.51 4.265554
2148.51 4.1616383
2134.93 4.094
2119.21 4.0340652
2118.49 4.334054
2118.49 3.7956038
2107.77 4.0822067
2022.08 4.1327987
1999.94 3.9734716
1999.94 4.324119
1999.22 4.346615
1998.51 4.262719
1968.52 3.8889537
1967.81 4.266119
1967.81 4.3582306
1923.54 4.2853403
1919.97 4.1732993
1919.26 4.5602756
1919.26 4.040453
1899.27 3.8247218
1899.27 4.004584
1898.56 3.9107647
1894.27 4.0797496
1796.49 4.1705585
1795.78 3.86672
1795.06 3.627866
1777.91 3.9917195
1770.77 4.302989
1755.04 4.140731
1755.04 3.5458448
1755.04 4.086231
1754.33 3.9946873
1750.04 3.6410007
1749.32 3.8281617
1749.32 4.2469897
1733.59 4.0044045
1732.87 4.456895
1732.87 4.3405166
1731.44 4.324009
1730.72 4.0915685
1730.72 4.1243343
1725.0 4.3212123
1724.28 4.3434134
1724.28 4.17105
1723.56 3.932174
1719.98 4.308825
1709.24 4.1005654
1698.5 4.5250816
1697.78 4.610519
1697.78 4.0769105
1697.06 4.3335567
1681.31 4.4610224
1680.59 4.3547325
1643.37 4.1175604
1642.65 3.7788548
1642.65 4.3276176
1641.94 4.199142
1627.63 4.1519394
1626.92 4.1011453
1626.92 3.9262745
1614.05 4.0174975
1614.05 3.48268
1614.05 4.1380897
1609.05 4.095063
1608.33 4.1627493
1608.33 4.251324
1607.62 4.4029055
1602.62 4.3295255
1601.9 4.279943
1574.07 3.985426
1573.36 4.2579055
1573.36 4.150591
1564.1 4.0086365
1551.27 4.080182
1551.27 4.3139234
1550.56 3.9301574
1547.7 3.871955
1547.7 4.261207
1547.71 4.3385363
1546.99 4.3355036
1546.28 4.270162
1546.28 3.976713
1545.57 4.2217236
1540.58 4.141396
1532.74 3.9108446
1532.74 3.942217
1532.03 4.046658
1517.06 3.7985463
1493.53 4.0320187
1493.53 4.2900033
1492.82 4.031985
1439.97 3.8791845
1434.96 3.913214
1434.24 4.2471876
1434.24 4.0011344
1430.66 3.5821073
1429.95 4.03398
1429.95 3.279372
1426.37 4.4064226
1425.65 3.9398582
1425.65 4.198956
1399.86 3.771517
1399.14 3.9788542
1399.14 3.8134797
1394.13 3.8260949
1393.41 4.03372
1393.41 4.1976457
1371.91 4.0280747
1361.15 3.6292858
1360.44 4.303445
1360.43 4.0412507
1359.72 4.22433
1351.83 4.171951
1351.83 4.165101
1351.11 4.042667
1351.11 4.082246
1350.4 4.330003
1336.78 4.1987886
1325.31 4.100934
1324.59 4.2601643
1324.59 4.097754
1322.44 4.2534223
1321.73 4.0231023
1321.73 4.1689777
1321.01 4.193111
1288.78 4.217314
1288.78 4.3821993
1288.07 4.299473
1281.63 4.152939
1281.63 3.987373
1280.91 4.194278
1255.16 3.6316206
1255.16 4.3543935
1254.44 3.9960308
1248.01 4.1054325
1230.86 4.1475587
1230.14 4.1988406
1230.14 4.128136
1221.57 3.9009466
1220.86 3.6958866
1206.57 4.151634
1205.86 4.067734
1205.14 4.427067
1200.14 3.793841
1199.43 4.098014
1198.72 4.314325
1198.0 4.269953
1195.15 4.35554
1194.43 4.294191
1165.88 4.1333976
1165.17 3.811533
1165.17 3.8503253
1164.45 3.9402769
1164.45 4.128433
1133.06 3.8064566
1133.06 3.9751177
1132.35 4.039661
1129.49 4.066227
1128.78 3.830359
1128.78 4.0192347
1125.21 3.9674664
1098.1 3.958569
1097.38 4.2716227
1053.83 4.361081
1053.83 3.5817769
1053.12 4.234808
1047.4 3.8740427
1047.4 4.1425867
1046.69 4.036494
1037.4 3.9494946
1037.4 4.2632475
1037.4 4.0777993
1026.69 4.130106
1026.69 3.9403389
1026.69 4.1241274
972.31 4.1683826
972.31 4.106543
971.6 4.254373
971.6 3.9152288
970.88 3.9878502
917.19 4.114749
916.48 4.092868
916.48 4.164614
879.25 4.2858405
879.25 4.1293445
879.25 4.228114
878.54 4.1007814
878.54 4.3611813
877.82 4.3498487
875.68 4.117039
874.96 4.144563
874.25 4.2700195
814.88 4.423704
814.17 4.261386
814.17 4.2236514
813.45 4.301725
785.56 4.166887
785.56 4.1465783
784.85 4.354493
784.13 4.059976
783.42 4.1724176
767.68 3.8128154
761.96 3.999195
761.96 3.7175128
761.25 3.9903772
747.66 3.9675014
746.94 3.2804747
746.94 3.9831321
746.23 3.8882635
744.8 3.832326
744.8 3.7986562
744.08 4.1178446
741.22 3.9877255
740.51 4.0608554
739.79 4.3351283
739.08 4.2699666
738.36 4.0845704
738.36 4.277493
709.03 4.4722185
708.32 4.2230563
708.32 4.234113
707.6 4.2018743
687.57 4.315187
686.85 4.2884336
686.85 4.318863
611.7 4.2420726
611.7 4.0662665
610.98 4.378128
595.23 4.0565324
546.55 4.051104
541.54 4.5573072
540.82 3.8486328
540.82 3.9186404
540.1 3.891243
539.39 4.0384493
539.39 4.300949
534.38 3.74021
534.38 3.8565042
533.66 3.7683685
516.48 4.092536
516.48 4.0568886
515.77 4.264448
515.77 4.342662
515.05 4.2760177
515.05 3.6247468
509.33 4.3276935
508.61 4.056751
502.17 4.1981893
501.45 4.1247387
501.45 4.425806
499.31 4.2108316
498.59 4.489281
497.88 4.2346745
479.27 4.4032516
479.27 4.212926
479.27 4.620297
459.96 3.793398
459.96 4.2695007
459.25 4.2622833
459.25 4.2122526
459.25 4.4439783
450.67 4.3842945
450.67 4.5245867
449.95 4.496832
429.93 4.450631
429.22 4.492911
429.21 4.262345
405.63 4.41794
381.34 4.1830497
380.62 3.8937411
380.62 4.2550926
377.76 3.8948095
377.05 4.031197
376.34 4.172075
353.48 3.7853975
352.77 3.841062
352.77 3.4638205
344.91 4.164162
344.91 4.007117
344.2 3.9090836
285.67 3.9724092
285.67 4.3604083
285.67 4.4325824
284.96 4.1030326
284.25 4.027929
277.83 4.420055
277.11 4.254474
276.4 4.2655883
275.69 4.318401
274.97 4.4029665
274.26 4.453718
272.12 4.3043838
271.4 4.4340334
271.4 4.572139
260.7 4.2382007
259.99 4.409655
247.14 4.5758953
246.42 4.054076
245.71 4.2806406
245.71 4.245007
244.99 4.2805576
240.71 4.1355376
239.99 4.3599725
239.99 4.295835
228.57 4.0345726
228.57 4.1971254
228.57 3.9876754
222.85 4.2665434
216.42 4.243497
211.41 4.373825
210.7 4.0563154
210.7 3.9090402
203.55 4.180082
203.55 3.975592
203.55 3.7961338
194.25 3.9694793
193.53 4.330233
142.67 4.6670613
47.26 4.460727
46.54 3.8794193
46.54 4.3598843
46.54 3.8751092
35.79 3.9467783
35.79 4.0646124
35.08 4.1522512
7.89 4.456031
7.18 4.6658454
7.18 4.4633713
