3348.85 3.04639
3348.84 3.9995046
3348.85 2.8562016
3348.85 3.0524647
3348.13 3.0869877
3348.13 2.999365
3348.13 2.7655997
3347.42 3.0445213
3346.7 2.7878783
3346.7 2.934576
3345.99 3.8729932
3345.99 3.2641273
3345.99 3.78295
3345.99 3.8812177
3345.99 3.8776145
3345.27 3.8695714
3344.56 3.831158
3344.56 3.8402925
3344.56 3.9347944
3343.85 2.9008594
3343.85 3.918837
3343.85 3.8704066
3343.85 3.9556808
3343.13 4.0724964
3343.13 3.1411226
3342.42 3.0429518
3342.42 2.4901907
3341.71 2.7582903
3341.71 2.758167
3340.99 2.6576102
3340.99 3.1115131
3339.57 2.8244534
3339.57 2.950028
3339.57 3.15139
3338.85 2.9409423
3338.85 4.020596
3338.85 3.9443188
3338.14 4.1403
3338.14 3.7539942
3338.14 2.8722868
3337.42 2.9486153
3337.42 2.765694
3337.42 2.8948011
3337.42 3.940166
3336.71 2.9244366
3336.71 3.838753
3336.71 3.84223
3336.71 2.6831963
3336.0 2.7821023
3336.0 2.8172452
3336.0 3.8079238
3336.0 2.6840854
3335.28 3.123397
3335.28 2.889082
3335.28 2.9773066
3335.28 2.849731
3334.57 2.8059592
3334.57 2.7628968
3333.86 2.8200893
3333.86 3.0402792
3333.14 2.856631
3333.14 2.8528466
3333.14 3.013744
3333.14 2.641704
3332.43 3.0578904
3332.43 3.1620693
3332.43 3.459834
3331.71 3.795559
3331.71 3.9221303
3331.0 4.0618305
3330.29 2.8376324
3330.28 4.017577
3329.57 2.8157396
3329.57 3.868698
3329.57 2.93168
3329.57 3.9112852
3329.57 3.1107283
3329.57 3.868635
3329.57 3.7684302
3329.57 4.065828
3329.57 2.6414409
3328.86 4.0190167
3328.86 3.706434
3328.86 2.657167
3328.14 2.7661624
3328.14 2.6703556
3327.43 2.8304029
3327.43 2.8620148
3327.43 2.9061387
3326.72 2.763921
3326.72 2.7847338
3326.72 2.8731937
3325.29 2.4891655
3325.29 3.7805946
3324.57 3.0517292
3324.57 2.9436982
3324.57 3.5620887
3324.57 2.955947
3323.86 2.961524
3323.86 3.3894608
3323.86 3.0438056
3323.86 2.8366492
3323.86 3.893133
3323.15 3.05565
3323.14 3.8589962
3323.15 2.9694285
3322.43 3.921833
3322.43 4.088092
3322.43 3.822877
3322.43 3.0584354
3321.0 2.7222927
3320.29 3.86039
3320.29 3.0852125
3320.29 2.7252784
3320.29 2.9201732
3320.29 2.4459693
3319.58 2.9805613
3318.86 2.8275158
3318.86 3.8943222
3318.86 4.0241003
3318.86 4.005898
3318.86 3.793455
3318.86 4.018239
3318.86 3.1292927
3318.86 2.9939868
3318.15 3.8205245
3318.15 2.7649846
3318.15 2.9584959
3317.43 3.9863484
3317.43 3.7667897
3317.43 2.7459843
3317.43 2.9097455
3317.43 2.9793587
3316.72 2.7920847
3316.72 3.9028404
3316.72 3.9982812
3316.72 2.858815
3316.72 2.941897
3316.0 3.9680598
3316.0 3.5344255
3316.01 2.9652178
3315.29 2.8298051
3315.29 3.906513
3315.29 3.0744917
3315.29 3.7530186
3314.58 3.8033488
3314.58 2.676963
3314.58 3.0132198
3314.58 2.8925292
3314.58 3.1907244
3314.58 2.8068113
3313.86 3.1455379
3313.86 2.8233488
3313.86 2.9653716
3313.86 3.0006769
3313.15 2.684987
3313.15 2.9106348
3313.15 3.044184
3311.72 2.9023004
3311.01 2.8763192
3311.01 2.9279583
3310.29 2.9882326
3310.29 2.8786128
3310.29 2.9182682
3310.29 2.798668
3309.58 2.9671009
3308.86 2.8856156
3308.86 3.7135715
3308.15 2.9951034
3308.15 2.920167
3307.44 2.8175526
3307.44 2.8048217
3307.43 3.6828504
3306.72 2.964973
3306.72 3.8858175
3306.01 3.0484936
3306.0 3.930312
3306.01 2.9955802
3306.0 3.9656982
3306.01 2.9177644
3306.0 3.9863138
3305.29 2.9468424
3304.58 3.720758
3304.58 2.9021635
3304.58 2.8672693
3303.15 2.9613874
3303.15 2.794599
3303.15 3.6334932
3303.15 2.8741663
3302.43 3.0002077
3301.72 2.9561758
3301.72 2.8718085
3301.72 2.8400693
3301.72 2.872946
3301.01 2.866621
3301.01 2.875056
3301.01 2.8077579
3300.29 2.9499004
3298.15 2.9172962
3298.15 3.8114772
3297.43 2.8653774
3297.43 3.831354
3297.43 2.9380653
3297.43 2.7825012
3297.43 2.9086235
3296.72 3.034816
3296.0 3.9958606
3296.0 2.6121287
3296.0 2.913539
3296.0 3.9963555
3295.29 2.5015638
3295.29 2.8131669
3295.29 3.914967
3295.29 2.8505185
3295.29 2.852927
3295.29 3.7835524
3295.29 3.9878526
3295.29 2.9754689
3294.57 2.8350925
3293.86 2.8666162
3293.86 2.9861507
3293.86 2.8149192
3293.14 2.8931146
3293.14 3.0593278
3292.43 3.038765
3292.43 3.378613
3292.43 2.8858814
3291.72 2.8859842
3291.0 3.5840454
3291.0 2.934911
3291.0 3.8093421
3291.0 4.0743856
3291.0 3.4038885
3290.29 2.7952328
3290.29 2.5350533
3290.29 3.0172756
3290.28 3.9527678
3290.29 2.7321064
3289.6 3.886692
3289.61 2.8658166
3289.61 2.9083974
3289.61 2.721101
3289.6 3.8673449
3288.89 3.8183231
3288.89 2.7909641
3288.89 3.7891362
3288.89 2.8664548
3288.89 4.000031
3288.17 2.773079
3288.17 3.943827
3288.17 3.880294
3287.45 3.8351722
3287.45 2.9623356
3287.45 2.9655182
3287.45 3.0409443
3286.74 2.9584131
3286.74 3.0302944
3286.02 4.0056467
3286.02 2.680506
3286.02 4.008705
3286.02 3.6151574
3286.02 2.9198596
3286.02 2.7385554
3286.02 2.9514039
3285.3 3.7296188
3284.59 2.884332
3284.59 2.9521892
3283.87 3.1223564
3283.87 2.7045972
3282.43 3.0311327
3281.72 2.9654124
3281.72 3.7189379
3281.72 2.8596685
3281.0 2.803908
3278.85 3.8795893
3278.85 2.791032
3278.85 3.057307
3278.13 2.930184
3278.13 2.7331622
3278.13 2.7030962
3278.13 2.9471796
3277.41 2.8299317
3276.7 2.906373
3276.7 2.8840613
3276.7 2.7184758
3276.69 3.9006002
3276.69 3.018252
3276.69 3.9774783
3275.98 2.6671216
3275.98 3.9601219
3275.26 2.850346
3275.26 3.7923336
3275.26 2.84586
3274.54 2.9929125
3273.83 2.9634917
3273.83 2.9036684
3273.83 2.909938
3273.83 2.228561
3273.82 3.001809
3273.11 2.959326
3273.11 2.956604
3273.11 2.921271
3272.39 3.7991812
3272.39 3.8383842
3272.39 3.0498888
3272.39 3.5677047
3270.96 2.7783802
3270.24 2.9788127
3270.24 3.0102296
3270.24 3.4863653
3269.52 2.9526591
3269.52 3.952615
3268.8 2.9976697
3268.8 3.8015194
3268.8 2.8841395
3268.8 3.3480294
3268.8 3.3531837
3267.37 2.9598973
3267.37 2.8645167
3266.65 2.9126127
3266.65 2.7596617
3265.93 2.788879
3265.93 2.859179
3265.21 2.9181728
3265.21 2.593877
3265.21 3.899699
3265.21 3.1084187
3265.21 3.0989647
3265.21 3.1030846
3264.49 3.8879604
3264.49 3.8024733
3263.78 3.93726
3263.78 3.824932
3263.78 3.2179499
3263.78 2.5784206
3263.06 3.0504065
3263.06 4.0164766
3263.06 3.0949135
3263.06 3.0356824
3262.34 3.2106
3262.34 2.7224255
3262.34 2.8021805
3262.34 3.148742
3262.34 3.1269252
3261.62 3.7700694
3261.63 3.2120385
3261.63 3.1651206
3261.62 4.0622673
3260.91 3.788506
3260.91 4.069202
3260.91 4.158497
3260.91 3.178152
3260.91 2.6973865
3260.19 2.7338104
3260.19 3.3266182
3259.47 3.9408147
3259.47 3.0319295
3259.47 3.4037497
3258.75 3.9523122
3258.75 3.2793202
3258.75 3.1851625
3258.75 3.062153
3258.04 3.393041
3258.04 3.8188267
3258.04 3.6607602
3258.04 3.2902436
3257.32 3.910937
3257.32 3.972039
3257.32 3.1776273
3257.32 3.214982
3257.32 3.817384
3257.32 3.4047906
3257.32 2.9862802
3257.32 3.2971203
3257.32 3.9336922
3256.6 3.260175
3256.6 3.2272398
3256.6 3.064681
3256.6 2.9543092
3256.6 3.1408749
3255.88 3.9250028
3255.88 3.5683389
3255.88 4.1319504
3255.88 4.06667
3255.88 3.1281943
3255.88 3.8420508
3255.17 2.878506
3254.45 2.7320788
3254.45 3.2623837
3254.45 3.8458083
3254.45 3.0367057
3254.45 3.0948842
3253.73 3.035872
3253.73 3.126072
3253.01 3.1032977
3253.01 3.9882023
3253.01 3.4576516
3253.01 3.1009212
3252.3 2.8841639
3252.3 3.1528282
3252.3 2.332273
3252.29 3.9379032
3252.3 2.9840941
3252.3 3.1178596
3251.58 2.6550047
3251.58 3.088383
3250.86 2.99776
3250.86 3.8456206
3250.86 3.8799295
3250.86 3.0972366
3250.14 3.1362083
3250.14 3.0781186
3250.14 2.8821998
3249.42 2.9563222
3249.42 3.8236043
3248.71 3.066399
3248.71 3.050982
3248.7 3.962339
3247.99 3.0189295
3247.99 2.74039
3247.99 2.2957158
3247.99 3.900784
3247.27 2.9714894
3247.27 3.7295115
3247.27 3.8880823
3247.27 3.0878553
3247.27 2.83622
3246.55 3.0203662
3246.55 4.0411687
3246.55 2.8236985
3245.84 3.1251051
3245.83 3.5372057
3245.84 2.7500904
3245.12 3.7989235
3245.12 2.9058273
3244.4 2.9218116
3244.4 3.0645614
3244.4 2.8390665
3244.4 2.6771033
3244.4 3.0079207
3244.4 2.9825203
3243.68 3.0845416
3243.68 2.7696714
3243.68 3.0093455
3243.68 3.1127794
3243.68 3.8833234
3243.68 2.9914439
3243.68 3.0049639
3243.68 3.0131865
3243.68 2.8852742
3243.68 2.9498737
3242.97 2.9052854
3242.96 3.8848655
3242.96 3.215127
3242.25 3.9844446
3242.25 2.8803387
3242.25 2.852608
3242.25 2.833036
3241.53 3.9352117
3241.53 2.8778784
3241.53 2.9163134
3241.53 3.803972
3240.81 3.862076
3240.81 3.7551434
3240.81 2.871278
3240.81 3.0385365
3240.81 3.6858695
3240.09 2.9433908
3240.09 3.7388017
3240.09 2.9090028
3240.09 3.7714314
3239.38 2.7384782
3239.38 2.743645
3239.38 2.4990983
3238.66 2.6905591
3238.66 2.8908434
3238.66 2.9066682
3237.94 2.9613137
3237.94 2.7097826
3237.22 2.8428743
3237.22 2.8510344
3237.22 2.7761807
3235.79 3.806053
3235.79 2.819957
3235.79 2.9315135
3235.79 2.8646212
3235.79 3.7749739
3235.07 3.6057537
3235.07 2.8991437
3235.07 3.7494664
3235.07 3.7648463
3234.35 2.9008114
3233.64 2.899253
3233.64 2.7792943
3232.92 2.9016364
3232.92 3.328577
3232.2 2.617263
3232.2 2.8439708
3232.2 3.8388689
3232.2 2.4378753
3232.2 2.8354707
3232.2 3.8505418
3232.2 3.607183
3231.48 1.9459355
3231.48 2.842304
3231.48 2.7491264
3231.48 4.043834
3231.48 2.4405105
3231.48 2.8369315
3231.48 2.8553982
3230.77 2.8301547
3230.77 2.9878488
3230.05 3.8712783
3230.05 3.7392814
3230.05 2.796522
3230.05 2.4725034
3230.05 3.9062626
3230.05 2.665349
3230.05 3.782302
3229.33 3.8933809
3228.61 2.7881145
3228.61 3.9870398
3228.61 3.020049
3228.61 2.217522
3228.61 2.6657262
3228.61 3.9061294
3227.18 3.0366945
3227.18 2.6807487
3227.18 3.7643988
3227.18 2.894368
3227.18 2.766812
3226.46 2.6895864
3225.74 2.6731138
3225.74 2.3858693
3225.74 3.8555584
3225.74 2.6829226
3225.74 3.1414783
3225.74 2.9822166
3225.03 2.8052511
3225.02 3.7554948
3225.02 3.6129928
3224.31 2.5713582
3223.59 2.602997
3223.59 2.7236886
3222.87 2.6429644
3222.87 2.9986606
3220.72 2.763762
3220.01 2.7773993
3220.0 3.479398
3220.01 2.525045
3220.01 2.6961405
3220.01 2.5327744
3219.29 2.6800456
3219.29 2.435983
3218.57 2.8683183
3218.57 2.5014842
3217.85 3.7541068
3217.85 3.952347
3217.13 3.7922633
3217.13 3.8660238
3217.13 3.8067367
3216.42 2.8376935
3216.42 2.4468184
3215.7 3.6702793
3215.7 2.5027246
3215.7 2.4014115
3215.7 2.5882337
3214.98 3.7591333
3214.98 3.9092011
3214.98 4.0120687
3214.99 2.588457
3214.98 3.8566642
3214.98 2.7263603
3214.27 2.4607182
3214.27 3.8114712
3214.27 2.481275
3214.27 2.4989915
3213.55 2.5524523
3211.4 2.7765095
3210.68 2.5375834
3210.68 2.7260203
3210.68 2.5337298
3209.97 2.7470863
3209.97 2.786634
3209.97 2.7110202
3209.96 3.5814912
3209.25 2.653351
3209.25 2.6350405
3207.82 2.7579155
3207.1 2.6483212
3207.1 3.111869
3205.67 2.679135
3205.67 2.7172446
3204.95 2.5668113
3204.95 2.2703304
3204.23 2.5871391
3203.52 2.6869636
3203.51 3.0462172
3203.52 2.6487842
3203.51 3.7114034
3203.51 3.5903938
3202.08 2.6708777
3202.08 2.90973
3202.08 2.619008
3202.08 1.928725
3201.36 3.7451432
3201.36 2.9042392
3201.37 2.8603418
3200.65 3.1715994
3200.65 2.9087381
3198.5 3.9237738
3197.78 2.9066737
3197.78 2.885795
3197.78 3.7491724
3197.78 2.724599
3197.06 3.8207493
3197.07 2.657823
3197.07 2.9096956
3197.06 3.843425
3197.06 3.6691122
3196.35 3.778684
3196.35 3.8056993
3196.35 2.732808
3195.63 2.7968915
3195.63 2.7972395
3194.92 2.5425284
3194.92 2.8164916
3194.2 3.062243
3194.2 2.7142665
3194.2 2.7850325
3194.2 2.3428712
3194.2 3.9024262
3193.48 2.788228
3193.48 3.759972
3192.77 3.9724815
3192.77 3.0924237
3192.77 4.0596437
3192.77 2.5956557
3192.77 2.9363616
3192.05 3.834511
3192.05 3.8844738
3192.05 2.8320255
3192.05 3.8607879
3189.19 2.9402297
3187.04 4.0120497
3187.04 2.7782905
3187.04 3.846826
3187.04 2.2864609
3187.04 3.008312
3186.32 2.928463
3186.32 3.6748972
3186.32 2.802532
3186.32 3.8592267
3186.32 3.8372757
3186.32 2.7567973
3186.32 2.631566
3185.61 3.6358924
3185.61 2.6194575
3185.61 2.6038475
3184.89 2.5379114
3184.89 2.6901836
3184.89 3.9617505
3184.89 1.8714526
3184.89 3.8098576
3184.89 3.8172095
3184.18 2.5299916
3184.18 2.921386
3184.18 3.9563413
3183.46 2.432612
3180.6 2.7309
3179.88 2.8619685
3179.88 2.8109653
3179.88 2.8582714
3179.17 2.5826557
3179.17 2.7377577
3179.17 2.366739
3178.45 2.9953928
3178.45 2.670673
3178.45 2.7695894
3178.45 2.5036857
3177.74 2.8729055
3177.74 3.5716462
3177.74 2.812754
3177.02 2.9450767
3177.02 3.5939438
3176.31 2.5779016
3175.59 2.8128746
3175.59 2.9457767
3175.59 3.7155886
3175.59 2.6244018
3174.88 2.8023872
3174.88 2.5942452
3174.88 2.6222353
3174.16 2.2539408
3173.45 2.502824
3173.45 2.6949387
3173.45 2.3645074
3173.45 2.234973
3172.73 2.9239209
3172.73 2.6151865
3172.73 2.0161374
3172.02 2.446152
3172.02 2.7995658
3172.02 2.6905444
3171.3 2.8244865
3171.3 2.5333943
3171.3 2.6563606
3169.87 3.8413072
3169.15 4.0034876
3169.15 3.8676512
3168.44 2.7977958
3168.44 2.4916677
3168.44 3.4989324
3167.73 2.6864038
3167.73 3.5880892
3167.73 2.1057932
3167.73 2.694304
3167.01 2.4876118
3167.01 3.4037762
3167.01 2.7481062
3166.3 2.7582796
3166.3 3.8268807
3166.3 2.7642174
3166.3 2.9799302
3166.3 3.6648946
3165.58 2.7922697
3165.58 2.6643333
3165.58 3.626949
3165.58 2.3439338
3164.87 2.267132
3164.15 2.2110023
3164.15 2.659029
3164.15 2.4414852
3164.15 2.1264763
3162.72 3.7958233
3162.73 2.345574
3162.72 3.7549314
3162.72 2.7935395
3162.72 2.6133816
3162.01 3.851929
3162.01 4.0645223
3162.01 2.5917401
3162.01 3.0375447
3162.01 2.659922
3161.3 2.383494
3161.3 2.2996988
3161.3 2.9952877
3160.58 2.5178766
3160.58 2.2534418
3159.87 2.7285216
3159.87 2.713258
3159.87 2.8982787
3159.87 2.4430861
3159.87 2.2193823
3159.15 2.0767088
3159.15 2.336642
3158.44 2.9611616
3156.3 2.4432123
3156.3 2.4401362
3156.3 2.110349
3155.58 2.0852904
3155.58 2.6490946
3155.58 2.3340201
3155.58 2.255467
3155.58 2.179271
3154.87 2.1060455
3154.87 2.2954335
3154.87 2.2580516
3154.87 2.3257337
3154.87 2.126132
3154.87 2.2780104
3154.87 2.2467961
3153.44 2.0639021
3153.44 2.3808992
3153.44 2.1158612
3152.73 2.029205
3152.01 2.2036147
3152.01 3.1693196
3152.01 2.0621178
3151.3 3.808018
3151.3 3.9172914
3151.3 2.3992732
3151.3 3.2735868
3150.58 3.802041
3150.58 3.9682963
3149.87 2.1242964
3149.16 2.197451
3149.16 2.364596
3148.45 2.154951
3147.73 2.3020682
3147.73 2.199304
3147.02 2.605918
3147.02 3.8720684
3147.02 3.7903912
3147.02 2.2364068
3147.02 3.6804588
3147.02 3.829209
3146.28 2.1573021
3146.27 3.7851655
3146.28 2.0635264
3146.28 2.0027742
3146.28 2.0396512
3146.27 3.9749596
3146.28 2.3398988
3145.57 2.190953
3145.56 2.2790687
3144.85 2.3311923
3144.85 2.51155
3144.85 2.4289677
3144.85 2.3845267
3144.14 2.35877
3144.14 2.1117349
3143.43 2.3909898
3143.43 1.8559357
3142.72 2.321824
3142.01 2.7817132
3142.01 2.1742606
3141.3 2.2249384
3140.58 4.1057625
3138.45 3.7670197
3138.45 1.8317213
3138.45 3.6165435
3138.45 1.862615
3138.45 3.6885083
3137.74 2.3691936
3137.74 3.771941
3137.74 2.2385614
3137.03 2.6361842
3137.03 2.4830687
3137.03 2.118489
3133.48 1.7170643
3133.48 2.578853
3133.48 1.7875526
3132.77 1.874175
3132.77 1.8207175
3132.77 2.0612853
3132.05 2.2142735
3132.06 1.9111406
3130.63 4.020144
3129.92 3.584941
3129.92 2.882088
3129.92 3.860634
3129.92 3.7809613
3129.21 3.541916
3129.21 2.6022284
3128.5 1.5956224
3128.5 3.704892
3128.5 4.041249
3127.79 2.0467072
3127.79 1.8516486
3127.79 3.6448748
3127.08 1.8076243
3127.08 1.8940179
3127.08 1.9482832
3126.37 2.3035955
3125.66 1.6466508
3125.66 1.8870333
3124.95 1.9835308
3124.95 2.4428973
3124.95 2.7356899
3124.95 1.8517941
3124.95 1.5478011
3124.24 1.9888408
3123.53 1.5368394
3123.53 1.7723968
3123.53 1.9847181
3122.82 4.0655446
3122.82 3.8821902
3122.82 2.1217868
3121.4 2.1431465
3121.4 1.5590509
3121.4 2.320604
3120.69 2.0531957
3120.69 1.8135966
3120.69 2.334648
3119.98 2.6524396
3119.98 1.8084846
3117.84 4.097629
3117.85 2.4057794
3117.85 1.7986891
3117.14 1.8980964
3116.43 1.9063431
3115.72 1.9161205
3115.72 2.0453923
3112.88 3.9856534
3112.17 4.024756
3112.17 3.8249366
3111.46 3.9702787
3110.75 3.9795246
3110.04 3.8112729
3110.04 3.958829
3110.04 4.01483
3109.33 3.9778743
3107.2 3.2288198
3106.49 3.9072962
3106.49 2.905053
3106.49 3.8557887
3106.49 4.0479198
3105.78 2.8689933
3105.78 3.807051
3105.78 3.8366632
3105.78 3.7652392
3105.07 3.8244193
3105.07 3.9147296
3104.36 2.1894639
3100.1 2.9476953
3100.1 3.9147916
3099.39 3.8089828
3098.68 3.7027237
3098.68 4.0244527
3098.68 3.8288233
3097.98 3.6273968
3097.97 3.8119965
3095.85 3.7901978
3095.14 3.7036686
3095.14 3.8438501
3094.43 3.5611432
3094.43 3.6722748
3093.72 3.5455182
3093.72 3.6946876
3092.3 3.8297248
3092.3 3.6741424
3091.59 3.9146693
3091.59 3.8973894
3090.18 1.9583596
3089.47 1.9763192
3089.46 3.7178125
3089.47 2.2351294
3089.46 3.8684897
3089.47 2.3984346
3089.46 3.9614651
3088.76 1.6208428
3088.75 3.8567026
3088.04 3.7598076
3087.34 3.6607842
3087.34 3.8846788
3087.34 3.751637
3086.63 3.8820915
3082.37 3.7427044
3081.66 3.8492365
3081.66 3.9340768
3081.66 4.0826235
3080.95 4.0755577
3080.95 3.755381
3080.24 3.6777606
3079.53 4.084058
3079.53 3.650876
3079.53 3.870379
3078.82 3.9024057
3078.82 3.841188
3069.6 4.214707
3060.38 3.861214
3060.38 4.008881
3059.67 3.4963398
3059.67 3.852713
3059.67 3.7217495
3058.97 3.385745
3058.96 3.7301676
3058.26 3.8535142
3058.26 3.735535
3057.55 3.5710673
3057.55 3.2810059
3056.84 4.150643
3056.84 3.9084268
3056.13 3.9182794
3056.13 3.5590887
3055.42 3.7592988
3054.71 3.6666882
3054.71 3.627003
3054.71 3.620564
3054.0 3.7444994
3041.93 3.9104607
3041.22 3.7591946
3041.22 4.0355935
3041.22 3.5605745
3041.22 3.8401015
3040.51 3.6869054
3040.51 3.5909648
3039.81 -1.5105245
3039.81 -1.2450025
3039.8 4.0215764
3039.09 3.9434545
3039.09 3.6886513
3039.1 -1.3536035
3039.1 -1.2616639
3039.09 3.4125545
3039.09 3.6672692
3038.38 3.8438518
3037.67 3.5498214
3036.97 -1.1872058
3036.26 -1.0775257
3035.55 -1.3632895
3035.55 -1.3042463
3034.84 -1.234105
3034.84 -1.6406753
3034.13 -1.2460303
3032.0 -1.3104458
3032.0 -1.3410797
3031.29 -1.4331949
3031.29 -1.4508722
3031.29 -1.1816947
3030.58 -1.3513086
3027.73 3.5785406
3027.02 3.9988663
3027.02 4.1438
3026.3 4.036821
3025.59 4.1822476
3025.6 3.4448018
3025.59 3.9851153
3025.59 3.7547967
3023.47 -1.5042847
3023.47 -1.361952
3022.76 -1.3953799
3022.76 -1.5942733
3022.05 -1.8164561
3022.05 -1.6356295
3022.04 4.1640472
3017.07 -1.258274
3017.07 -1.5700929
3016.36 -1.5265805
3016.36 -1.9069831
3014.22 3.8474908
3014.22 4.3404646
3013.52 -1.5424747
3013.51 4.132769
3013.51 4.055423
3010.66 3.5093758
3010.66 4.1235914
3010.66 4.173571
3009.95 4.0122995
3009.96 -1.5475545
3009.95 4.225354
3009.96 -1.5831727
3007.82 -1.5619177
3007.11 -1.4834561
3007.11 -1.5566934
3007.11 -1.4424219
3007.1 3.836128
3006.4 -2.1093125
3006.4 -1.5328282
3006.4 -1.4997042
3006.4 -1.5602458
2998.57 -1.5079963
2997.86 -1.4318187
2997.15 -1.6725758
2997.15 -1.652459
2997.15 -1.4386014
2997.15 -1.7297539
2996.42 3.687022
2996.42 3.7523189
2996.43 -1.7692312
2996.42 3.6386087
2996.43 -1.552068
2995.72 -1.6986479
2995.71 3.827333
2995.72 -1.6857165
2995.71 3.9191968
2995.0 3.9071302
2995.0 3.8553066
2995.01 -1.7119534
2995.01 -1.7285569
2995.01 -1.5271354
2993.58 -1.8370701
2993.58 -1.6072044
2993.58 -1.7901068
2992.86 -1.7813102
2992.14 3.8498018
2992.14 3.7379806
2992.14 3.7159858
2991.43 3.8292115
2991.43 3.5486932
2990.72 -1.691748
2990.72 -1.8949596
2990.72 -1.7057854
2990.01 -1.7059689
2990.01 -1.7398161
2985.0 3.716941
2982.87 -2.0520678
2982.87 -2.075982
2982.86 3.832221
2982.87 -2.1658957
2982.87 -1.574198
2982.87 -1.6995435
2982.14 3.9193542
2982.14 3.8877246
2982.15 -1.806874
2982.14 3.683876
2981.44 -1.8041644
2981.44 -1.6525915
2980.71 3.9221783
2980.71 3.721715
2980.0 3.8181818
2980.0 3.756339
2979.28 3.9042785
2979.28 3.686484
2977.86 3.6379204
2977.86 3.364195
2977.85 3.7455707
2977.14 3.6679902
2977.14 3.982805
2977.14 3.7376688
2976.43 3.6334379
2975.71 3.8086462
2975.72 -1.5917666
2974.99 3.9284186
2975.0 -1.7199674
2975.0 -1.9151232
2974.29 -2.007529
2972.85 4.293252
2972.85 3.6498523
2972.13 3.642885
2972.14 -1.779455
2972.14 -1.7184412
2972.15 -2.4244876
2972.13 3.8055582
2972.13 3.6616282
2971.43 -2.1103158
2970.71 -1.934052
2970.71 -2.191611
2970.71 -1.9867074
2969.99 3.8307533
2970.0 -1.9512532
2969.28 -2.0050964
2969.28 -2.1570783
2969.28 -2.7625802
2969.28 -2.149425
2968.57 -2.078829
2968.57 -2.0815682
2968.57 -1.8979337
2967.85 -2.0605202
2967.84 3.8495562
2967.84 3.739038
2967.85 -1.8914688
2967.85 -1.8531616
2967.84 3.706275
2967.13 3.9562166
2967.14 -1.8701069
2966.41 4.142882
2966.42 -2.1169615
2966.42 -2.0186074
2965.71 -2.1082008
2965.7 3.8478537
2965.7 3.9585373
2965.7 3.8309815
2965.7 3.4161053
2964.98 3.907888
2964.27 -2.012532
2964.27 -2.0633688
2963.56 -2.0947363
2962.12 4.0518475
2961.4 3.764135
2961.4 4.1823697
2961.4 3.989385
2960.69 3.7114797
2959.97 3.797726
2959.26 -2.3711941
2959.25 4.090997
2959.25 4.046754
2959.25 4.019423
2958.54 3.7406235
2955.67 4.125902
2954.97 -2.2242937
2954.97 -2.4736946
2954.25 -2.373597
2954.25 -2.2799942
2953.53 -2.2856214
2953.53 -2.4408734
2948.51 3.6884696
2948.51 3.8363519
2947.79 4.0611067
2947.79 3.4047813
2947.07 3.8139136
2942.07 -2.4788592
2941.35 -2.3478801
2941.35 -2.7235477
2941.35 -2.3577867
2940.62 3.6509979
2939.2 -2.6364784
2938.48 -2.3419626
2938.48 -2.3969321
2937.76 -2.4165215
2937.04 3.9202166
2935.61 -2.39181
2935.61 -2.4812524
2935.61 -2.3907375
2934.89 -2.4203897
2932.01 3.8648975
2931.3 4.0223913
2931.31 -2.394342
2931.3 3.9206116
2931.31 -2.6551545
2931.3 3.9657059
2931.3 3.82181
2930.59 -2.4025197
2930.58 3.4384391
2930.59 -2.513744
2929.87 -2.7537587
2929.87 -2.5047743
2929.15 -2.6105316
2929.15 -3.194756
2927.0 -2.8071094
2926.28 -2.4459808
2926.28 -2.560958
2926.28 -2.512596
2925.56 -2.5855966
2923.41 -2.4999487
2921.26 -2.7612684
2920.54 -2.6879964
2920.54 -2.6739318
2919.82 -2.541389
2919.1 -2.3670292
2918.38 -2.6376243
2918.38 -2.6967626
2917.67 -2.911149
2916.95 -2.808977
2916.23 -2.5039487
2916.23 -2.825121
2915.51 -2.6466002
2914.06 3.8493443
2913.34 3.8698773
2913.34 3.7159164
2911.92 -2.7178483
2911.92 -3.0208967
2903.28 4.2894945
2903.28 3.895474
2902.56 3.8843684
2902.56 4.121497
2902.56 4.0641804
2902.57 -2.6157908
2901.86 -2.901485
2901.86 -2.6130466
2901.14 -2.9789639
2895.39 -2.9708614
2895.39 -2.902738
2894.67 -2.7711902
2894.67 -2.3621078
2893.95 -2.772749
2892.5 4.149954
2891.78 4.2445397
2891.78 3.9536672
2888.91 -2.5132155
2888.9 4.0798616
2888.91 -2.3974714
2888.91 -2.4615912
2888.18 4.1360254
2888.18 4.0325212
2888.18 4.578201
2888.19 -2.365313
2887.47 -2.5968723
2887.47 -2.253312
2886.75 -2.1616154
2886.03 -2.1610446
2886.03 -2.4081228
2885.31 -2.2589502
2878.12 -1.8965737
2878.11 4.0442557
2873.79 3.6480978
2871.63 3.7307603
2870.91 3.872074
2870.91 3.8583574
2870.19 4.0779057
2869.47 3.5227442
2867.31 3.8955057
2866.59 3.8396614
2866.59 4.1175513
2866.59 4.108926
2860.11 3.7914097
2845.0 3.8662562
2844.28 3.7537646
2844.28 3.688479
2843.56 3.7989116
2842.84 3.8265724
2842.84 3.8386226
2842.84 3.7555432
2842.12 3.645205
2842.12 3.8040066
2842.12 3.672975
2841.4 3.487403
2841.4 3.6791735
2839.24 3.8788376
2839.24 3.8614612
2838.52 3.7611837
2838.52 3.7336164
2834.2 3.586998
2833.48 3.463574
2828.45 3.6505594
2828.45 4.071134
2828.45 3.6686883
2827.73 3.5166059
2824.13 3.9257998
2823.41 3.7037163
2823.41 3.5584924
2822.69 3.4801166
2822.69 3.6244686
2822.69 3.5285058
2821.97 4.0510683
2821.97 3.4583461
2821.97 3.456764
2821.25 3.7189207
2821.25 3.6354961
2816.93 3.573122
2816.93 3.9642806
2816.21 3.802768
2816.21 3.861911
2816.21 3.9693885
2806.14 3.68594
2801.82 3.712778
2801.82 3.762033
2801.1 3.622954
2801.1 4.0796685
2798.23 3.882406
2798.23 3.923927
2797.51 3.6681118
2797.51 3.886402
2797.51 3.9645655
2797.51 3.7328918
2792.47 3.903677
2786.0 3.6095388
2785.28 3.9461045
2785.28 3.8597755
2785.28 3.9168587
2784.56 3.8803613
2784.56 3.7351065
2782.41 3.9121625
2781.69 3.9333625
2781.69 3.8970969
2778.09 4.1717153
2778.09 3.9885721
2777.37 3.9915886
2777.37 4.082161
2777.37 3.617643
2776.65 3.9961905
2773.06 4.208511
2772.34 4.202954
2772.34 3.9897733
2762.3 -4.0604434
2760.86 -4.0673523
2760.14 -3.7980866
2760.14 -3.7588391
2759.42 -4.1344547
2758.69 4.412403
2757.97 4.194043
2757.97 4.3151307
2757.26 3.8632689
2756.54 3.6382835
2756.54 3.3642504
2755.82 3.5667853
2752.23 4.559904
2752.23 3.8530087
2751.51 4.3299
2732.86 0.12393695
2732.14 -0.22497389
2719.95 3.8763332
2715.65 3.855705
2714.94 3.9577787
2714.94 3.9350126
2712.07 3.9128408
2711.35 3.8448558
2711.35 3.9618351
2711.35 4.111628
2709.92 3.78604
2709.2 3.962662
2709.2 4.025435
2709.2 3.8144248
2707.78 -2.6677518
2707.77 3.9120462
2707.05 4.027252
2707.05 3.9509075
2707.05 4.0336003
2704.9 4.1625843
2704.9 3.7563796
2704.19 3.9685802
2703.47 3.732557
2702.75 3.7662873
2702.75 4.0001225
2702.04 3.9381418
2696.31 3.9212594
2695.59 4.0857778
2695.59 4.2137785
2695.59 3.8739834
2694.87 4.043615
2693.44 4.0111265
2692.73 4.0926566
2692.73 3.8320658
2692.73 3.9598374
2692.01 4.036024
2692.01 4.059272
2691.3 4.02888
2689.15 3.8722415
2689.15 3.5923326
2689.15 4.1009693
2688.43 3.962346
2684.14 4.017294
2684.14 3.960015
2683.42 3.847742
2674.13 3.8734858
2673.41 3.7084792
2673.41 3.5325086
2672.7 3.7118886
2672.7 3.7771535
2671.98 3.7152193
2671.98 3.7340074
2671.98 3.7039866
2670.55 3.7320118
2670.55 3.9154422
2669.84 4.0640535
2669.84 3.832749
2669.12 3.853852
2668.41 3.9140825
2668.41 3.9234533
2668.41 3.7969763
2667.69 3.8233485
2667.69 3.7980185
2664.84 3.910577
2664.12 3.4792938
2660.55 3.86236
2660.55 3.8535318
2659.83 4.1894917
2659.83 3.8138456
2659.12 3.888386
2658.41 3.8929346
2657.69 3.6353781
2657.69 3.9525304
2657.69 4.07775
2656.98 4.1691175
2652.69 4.0818796
2651.98 3.9569378
2651.98 3.7417016
2651.98 4.056416
2651.27 3.778699
2648.41 4.3354077
2644.84 3.7937987
2644.13 4.202646
2644.13 3.7832305
2643.42 4.050119
2643.42 4.1904607
2642.7 3.7757018
2642.7 4.3755507
2642.7 3.9625907
2641.28 4.368409
2641.28 3.5574305
2640.56 3.8108392
2640.56 4.1284046
2637.71 4.070315
2637.71 3.9086347
2637.71 4.211236
2637.0 4.1333222
2637.0 3.5716736
2636.29 3.8701284
2635.57 3.6310906
2635.57 4.1512055
2635.57 3.8432364
2631.3 3.6219053
2631.29 3.8969152
2630.58 3.994063
2630.58 3.8159966
2629.87 3.7063665
2629.16 4.0814195
2629.16 3.79984
2624.17 3.7850752
2619.19 0.9340048
2619.19 0.8917028
2615.62 3.6581213
2614.91 3.6366627
2614.91 3.883581
2614.91 3.8296175
2614.2 4.075147
2613.49 3.5753357
2613.49 4.0328774
2613.49 4.134466
2612.77 4.1470847
2612.77 3.9435785
2612.06 3.9824965
2612.06 4.1571474
2612.06 4.0576115
2611.35 3.965134
2611.35 3.8771548
2610.64 3.6569452
2607.08 3.6745706
2606.37 4.046086
2606.37 3.915705
2606.37 3.8252509
2606.37 4.0413938
2604.23 3.8321953
2604.23 4.288496
2604.23 3.7219937
2603.52 3.8279457
2592.85 3.8337958
2592.85 3.7381642
2592.14 0.5907041
2592.14 3.6047773
2592.14 3.7944283
2592.14 1.0274755
2591.43 0.9384733
2591.43 1.0319585
2591.43 3.699674
2591.43 3.5549119
2591.43 3.8620415
2587.16 3.805376
2586.45 3.5745459
2586.45 3.7625937
2585.74 3.935843
2585.74 3.7338781
2584.32 3.8176506
2584.32 3.7287388
2584.32 3.8145297
2583.61 3.791179
2582.9 3.6642494
2582.9 3.9663956
2582.19 3.9507778
2581.47 3.821684
2581.47 3.943527
2581.47 3.8726742
2580.76 3.983514
2580.05 3.6968112
2580.05 3.741375
2579.34 3.9944584
2579.34 3.830705
2578.63 3.366487
2571.51 3.9938338
2571.51 3.7848358
2570.8 3.8484018
2570.8 3.3638728
2570.8 4.0754447
2567.25 4.0259805
2567.25 3.924567
2567.25 3.917187
2567.25 4.0235095
2566.54 3.8994348
2566.55 3.7203856
2564.42 3.707648
2563.71 4.038301
2563.71 4.112639
2563.71 3.8368075
2560.16 4.123447
2560.16 4.179258
2559.45 4.0819855
2559.45 3.9847867
2553.07 4.0694556
2553.07 3.9540246
2552.36 4.101401
2551.65 3.7995968
2542.44 3.9110754
2542.44 3.9377232
2541.73 3.869849
2540.31 3.6725473
2537.47 3.4721117
2536.76 3.835994
2536.76 3.4601347
2536.76 4.172918
2536.76 3.880135
2536.05 4.2447634
2534.63 4.155974
2534.63 4.0421057
2534.63 4.0220585
2534.63 4.0711217
2533.93 3.6689389
2533.93 4.1432934
2529.67 4.10632
2528.96 4.314127
2528.96 3.9350977
2528.96 4.343578
2528.97 0.090063564
2528.26 0.75465626
2528.26 0.09470875
2528.26 -0.2577866
2527.55 0.34953347
2526.83 4.330033
2526.83 4.2844963
2526.12 4.0276084
2526.12 4.0263996
2526.12 4.3671994
2524.7 4.3972507
2523.99 4.2511764
2523.99 3.9914918
2523.99 4.3530264
2523.28 4.3525653
2523.28 4.1853266
2521.16 4.1907725
2521.16 4.4988856
2520.45 3.8699346
2520.45 4.268778
2519.74 4.4000964
2509.09 3.5567794
2509.09 4.2663817
2508.38 4.2008038
2508.38 4.333093
2503.41 4.3107305
2502.7 4.0129786
2498.43 4.215755
2497.72 4.2858863
2497.72 4.5450444
2497.01 4.2359643
2497.01 4.323919
2494.88 4.437929
2492.75 4.373133
2492.75 4.045856
2492.75 4.217638
2492.04 4.176649
2492.04 4.073347
2492.04 3.5599766
2492.04 4.3636923
2491.33 4.32281
2489.9 4.2164216
2489.19 3.9334872
2489.19 4.3655305
2489.19 4.0722275
2488.49 -2.1715918
2488.49 -1.4139835
2487.78 -1.7539161
2487.78 -1.8068762
2484.93 3.875876
2484.93 4.0128236
2484.93 4.046964
2484.93 3.9805343
2484.21 4.175572
2483.51 -3.0104854
2475.69 -2.6958907
2475.68 -2.4494934
2475.68 -2.5830388
2474.97 -2.871994
2474.97 -2.6424072
2467.13 4.346477
2461.42 4.5797396
2457.87 -1.1614212
2447.87 4.5143666
2441.44 4.441928
2440.72 4.4686656
2440.72 4.6271176
2440.72 3.9262002
2440.01 4.7905207
2438.6 -4.576147
2438.6 -4.62949
2438.6 -4.691233
2437.88 -4.391269
2437.15 4.183253
2437.15 4.4326806
2436.44 4.0454855
2436.44 4.171634
2435.74 -5.0521817
2435.72 4.1684957
2435.74 -4.6597934
2435.72 4.0294485
2435.02 -5.5303583
2435.02 -4.535825
2432.86 3.7785382
2432.86 3.8382914
2432.18 3.7805266
2432.19 -4.5198436
2432.18 4.014099
2431.48 -4.5993614
2431.48 -4.841685
2430.76 -4.613561
2430.04 -4.827392
2430.04 -4.712171
2429.31 4.041014
2429.32 -4.467793
2429.31 4.039553
2429.31 3.606742
2428.61 -4.4470706
2428.61 -4.346587
2428.59 4.0425506
2427.89 -4.5775757
2427.89 -4.670936
2427.89 -4.530445
2427.17 -4.4747443
2425.0 4.1473165
2424.29 4.208106
2424.29 3.8792512
2423.57 4.285217
2422.85 4.285769
2422.85 4.073943
2422.86 -4.5925345
2422.15 -4.7785225
2422.13 4.077457
2422.15 -5.097189
2422.15 -4.604229
2421.41 4.080259
2420.71 -4.527981
2420.71 -4.7898984
2420.71 -4.5093856
2419.99 -5.000469
2419.99 -5.072347
2418.54 3.683249
2418.54 3.940112
2418.54 3.9676018
2417.84 -4.6582174
2417.82 4.0493755
2417.84 -4.804098
2417.84 -4.540177
2417.1 4.183087
2417.12 -4.581089
2417.12 -4.5465493
2417.1 4.1400175
2417.1 3.9646297
2416.39 4.00401
2412.09 -4.7636538
2412.09 -5.252752
2412.09 -4.9441338
2412.09 -4.726008
2412.09 -4.571877
2409.93 -5.2029424
2409.92 4.2932286
2409.22 -5.6542926
2409.2 4.0587277
2409.2 4.1962185
2409.2 4.163863
2408.48 3.8441765
2407.06 -4.7265477
2406.34 -4.842659
2406.34 -5.8101945
2406.34 -4.810053
2406.34 -5.184583
2405.62 -5.17096
2405.61 4.2847323
2405.62 -5.1765566
2405.62 -5.083097
2404.9 -5.2542562
2404.89 3.6561196
2404.9 -4.954131
2404.89 3.914484
2404.18 -5.1574183
2404.18 -5.1158423
2404.17 4.2208414
2404.18 -5.3150454
2404.17 3.5413623
2403.45 4.2716074
2403.47 -5.71866
2403.46 -5.1127214
2403.45 4.129177
2403.45 4.290583
2397.71 -4.770346
2397.71 -5.355156
2397.71 -5.338645
2396.99 -4.811614
2384.03 4.2874827
2384.03 4.3592887
2376.11 3.9949367
2376.11 4.0454044
2375.39 4.1829824
2375.39 4.2981863
2371.07 4.1418457
2368.91 4.3821306
2368.91 3.9813826
2368.91 4.1011486
2368.19 4.384964
2368.19 4.0025854
2367.47 4.072215
2364.59 4.301524
2364.59 3.990886
2363.87 4.117635
2362.43 4.5341635
2361.71 4.296397
2361.71 4.0616894
2360.99 4.184133
2360.99 4.0849795
2360.99 4.372862
2358.84 3.9893188
2358.12 4.2290583
2358.12 4.201534
2358.12 3.8174148
2355.96 4.025603
2355.24 3.9367847
2355.24 3.9126236
2355.24 4.1885557
2354.52 4.1200576
2354.52 3.8625326
2353.8 4.1072636
2353.08 4.051443
2353.08 4.058831
2353.08 3.9235651
2343.73 3.8082733
2343.73 4.064834
2343.73 3.6710227
2343.01 3.9171228
2342.29 4.0195985
2342.29 3.986258
2341.57 3.9299242
2340.87 -7.6084127
2332.94 3.7496848
2327.91 3.499797
2323.59 3.9557896
2323.59 4.1067476
2323.59 3.8718343
2323.59 3.8997235
2322.88 4.0202675
2322.18 -7.6493115
2317.13 4.130388
2313.56 -7.753833
2307.79 3.775758
2307.79 4.053782
2307.79 4.192993
2307.08 3.992325
2300.62 4.0801897
2294.88 4.0950603
2294.88 4.0616174
2294.88 4.2527776
2294.17 3.755125
2293.45 4.058964
2293.45 4.039805
2288.4 3.9933534
2288.4 3.9273174
2287.68 3.9590726
2287.68 4.102998
2277.69 3.7917886
2276.98 4.0092473
2276.98 3.9422045
2276.98 3.637271
2267.7 4.0127463
2267.7 3.7912283
2267.7 4.1811357
2266.99 3.933391
2258.44 4.026865
2258.44 3.826868
2257.73 3.8411741
2257.01 4.0468006
2252.76 -8.3177185
2247.04 4.1356897
2246.33 4.0771823
2246.33 3.997018
2245.62 4.2008276
2245.62 3.9834688
2243.48 4.145515
2241.37 -8.595615
2241.37 -8.83461
2240.64 4.1360283
2240.66 -8.835752
2239.92 3.9295323
2239.92 4.0938673
2239.21 3.8810623
2238.5 4.3112864
2234.96 -8.921894
2234.96 -9.049093
2232.09 4.1128945
2231.38 4.2204065
2231.38 4.049686
2230.67 4.425876
2230.67 3.8957183
2229.96 4.026116
2221.44 -8.1852865
2220.73 -8.280307
2220.73 -7.5144315
2220.73 -8.343427
2216.44 3.7958777
2216.44 3.876222
2216.44 3.900445
2216.44 4.012031
2215.73 3.7741222
2215.73 3.9927855
2215.73 4.153154
2215.73 3.6854112
2215.02 3.7578757
2215.03 -8.024331
2207.92 -8.062316
2207.9 3.964972
2207.21 -8.557026
2207.19 3.8893497
2207.19 4.043029
2207.21 -8.2602415
2207.19 4.01755
2207.21 -8.403079
2206.5 -8.321358
2205.05 4.149723
2205.05 3.5623558
2204.34 4.0576296
2197.93 4.033531
2197.22 3.8614655
2196.51 4.165822
2196.51 3.7982419
2195.8 3.8956206
2186.54 3.6414068
2185.83 3.9535625
2185.83 3.839725
2185.83 3.956806
2185.85 -8.155417
2185.14 -8.2878275
2185.14 -8.216478
2184.43 -8.110462
2183.72 -8.476511
2176.57 3.8483217
2168.02 3.9347734
2168.02 3.9902043
2168.02 4.0185146
2167.31 3.9970431
2164.46 3.9096925
2152.33 4.272741
2152.33 4.127146
2151.62 3.7175112
2151.62 4.4120984
2150.91 3.4668422
2150.9 3.8885767
2150.19 3.4075704
2143.79 3.7058854
2143.08 3.7176666
2143.08 3.6250348
2142.36 3.6376772
2142.36 3.7613826
2142.36 3.564122
2142.36 3.5455785
2141.64 4.287155
2141.64 3.9222956
2140.21 3.5648258
2140.21 3.7024012
2140.21 3.402864
2139.5 3.6730494
2139.5 3.5246572
2139.5 3.8508737
2137.35 3.718242
2137.35 3.7604277
2134.48 3.740471
2134.48 3.132774
2133.77 3.542366
2133.77 3.31364
2133.05 3.5541492
2133.05 3.4870877
2132.33 3.1873152
2132.33 3.6389155
2129.47 3.4911606
2129.47 3.3362508
2129.47 3.9716232
2129.47 3.3773134
2128.75 3.650829
2128.75 3.4670036
2121.58 3.6891859
2121.58 3.336529
2121.58 3.4319706
2121.58 3.115504
2121.58 3.2489562
2120.86 4.0377746
2110.1 3.6173146
2110.1 3.894133
2109.39 3.960876
2108.67 3.586069
2107.95 3.2651112
2107.95 3.531663
2107.95 3.5831194
2107.23 3.956057
2105.08 3.604198
2105.08 4.0100923
2104.36 3.5742805
2104.36 3.4415903
2103.65 3.4394279
2103.65 3.7088072
2102.95 -7.065794
2102.95 -6.9644217
2102.23 -7.314759
2102.23 -6.822275
2100.78 3.5826206
2100.06 3.6208012
2100.06 3.853597
2100.06 3.914664
2100.06 3.3326955
2094.31 4.1363726
2094.32 3.7572787
2093.6 3.8256967
2093.6 3.7378154
2092.88 3.8411188
2092.88 3.6803167
2092.16 3.8538413
2091.44 3.7049472
2091.44 3.6173139
2087.14 3.8590262
2087.14 3.8673944
2086.42 3.9844067
2083.55 4.0488887
2082.83 3.943135
2082.83 3.847899
2082.11 4.100311
2081.39 3.9202216
2080.67 3.6138117
2080.67 3.58412
2080.67 4.064462
2080.67 4.1242766
2079.96 3.503354
2075.65 3.80323
2075.65 4.164188
2074.93 3.9113274
2074.93 3.7832477
2074.93 3.8971593
2069.18 3.597894
2069.18 3.8131247
2069.18 3.8492048
2068.46 3.8715446
2068.46 3.9835513
2067.05 -7.0993147
2067.05 -7.070304
2061.28 3.492765
2060.57 3.7442544
2060.57 3.8357563
2057.69 3.6344798
2054.1 3.6235414
2054.1 3.4349701
2053.38 3.7760756
2053.39 3.012043
2052.67 3.3372884
2051.95 3.7322896
2051.23 3.681639
2051.23 3.6787817
2051.23 3.5942652
2049.08 3.3988767
2048.36 3.6953647
2048.36 3.8091834
2048.36 3.5665648
2047.64 3.6409454
2046.92 3.7780373
2046.2 3.625066
2046.2 3.7999623
2046.2 3.7088838
2040.46 3.8516722
2040.46 3.6301053
2040.46 3.8339105
2039.74 3.5349648
2037.59 3.86378
2037.59 3.7294447
2037.59 3.6425967
2037.59 3.474606
2036.87 3.9046273
2036.87 3.9283633
2036.87 3.6598938
2036.15 3.6648073
2036.15 3.6151314
2035.44 3.708767
2034.72 3.7596927
2034.0 3.4389374
2034.0 3.7428496
2033.28 3.6912193
2032.56 3.838749
2031.85 3.911003
2031.85 3.6378386
2031.13 3.6582723
2030.41 3.8572502
2030.41 4.0079594
2030.41 3.8248692
2029.69 3.9618695
2029.69 3.8839593
2028.98 3.6096938
2028.98 3.668777
2028.26 4.010651
2027.54 3.6046755
2027.54 3.9598315
2026.82 3.7860868
2026.82 3.6939187
2023.95 3.5714571
2023.95 3.1038935
2023.95 3.9045446
2023.95 3.821809
2023.95 3.865692
2023.24 3.7003968
2023.24 3.8250895
2023.24 3.774284
2022.52 3.842024
2022.52 3.771624
2018.93 4.1106243
2018.21 3.6479023
2018.21 3.8019753
2018.21 3.8861415
2018.21 3.8841257
2012.48 3.597131
2011.76 3.3313503
2011.04 3.8461273
2011.04 3.5533025
2010.32 3.8800168
2009.61 4.0261145
2009.61 3.8005924
2009.61 3.6223605
2008.89 3.6931393
2006.74 3.6835861
2006.02 3.6224067
2005.31 3.5886872
2005.31 3.2499676
1997.41 3.7194772
1997.41 3.735137
1996.69 3.6611617
1992.4 3.9174423
1992.4 3.7808232
1991.69 3.7711523
1991.69 3.9948387
1990.97 3.7433703
1990.26 3.738947
1990.26 3.7961872
1989.54 3.816602
1989.54 3.758779
1988.83 3.7560456
1988.83 3.6183913
1985.25 3.2958746
1985.25 3.8518238
1984.54 3.6568136
1984.54 3.2080038
1983.83 3.3235624
1983.11 3.722405
1982.4 3.7292106
1982.4 3.6578476
1982.4 3.5763144
1978.84 -6.1887875
1975.27 -6.427915
1974.54 3.6436505
1974.55 -6.5395203
1974.54 3.5091345
1974.54 3.5707777
1973.82 3.807395
1973.82 3.8032048
1973.11 3.6429622
1973.11 3.779343
1972.39 3.8355658
1971.68 3.3537405
1971.68 3.6055088
1970.96 3.6482625
1970.96 3.7840874
1970.97 2.7265046
1970.96 3.5956237
1970.25 3.5861783
1969.53 3.8028805
1969.53 3.7860684
1968.82 3.852485
1965.96 3.7392278
1965.96 3.7628033
1965.25 3.6866958
1960.96 3.9419239
1960.25 3.8160775
1959.54 3.6977043
1959.54 3.752368
1958.82 3.8935275
1958.11 3.898846
1958.11 3.868907
1958.11 3.7775705
1958.11 3.838479
1957.39 3.8239665
1957.39 3.7545934
1956.68 3.6101727
1956.68 3.6341507
1955.97 4.1578765
1953.82 3.8140743
1953.82 3.9144273
1953.11 3.8213172
1953.11 3.624683
1953.11 3.8711548
1950.97 3.5864484
1950.97 3.8780513
1950.97 3.8191748
1950.97 3.9245183
1950.97 3.8482497
1950.25 4.040227
1945.97 3.8034718
1945.26 3.7609825
1945.26 4.1011353
1945.26 4.003892
1943.11 3.725468
1943.11 3.991997
1940.97 3.5588732
1940.97 4.2120743
1940.97 4.056835
1940.97 4.1084013
1940.26 3.8341796
1936.69 4.216311
1935.98 4.0467753
1935.98 4.208737
1935.98 4.0019293
1931.69 4.201421
1931.69 4.0024505
1930.98 4.214888
1930.98 4.141002
1930.98 4.199588
1930.26 3.930831
1930.26 4.085389
1929.55 4.1679864
1929.55 3.773157
1928.84 4.1992393
1928.84 4.0072813
1928.12 4.1078353
1925.98 4.0836887
1925.27 4.220115
1925.27 4.144901
1925.27 4.2263465
1924.55 4.1298285
1918.84 4.0837617
1913.13 4.545832
1909.56 4.6415277
1908.85 4.7998757
1908.85 4.622359
1908.85 4.584193
1908.13 4.6398506
1907.42 4.6328053
1906.7 4.628243
1906.7 4.8199325
1905.99 4.4072537
1905.99 4.0536046
1905.28 4.3305154
1905.28 4.6336365
1905.28 4.648183
1893.14 4.270205
1892.42 4.2250166
1892.42 4.3015356
1890.28 4.365099
1890.28 3.883368
1889.57 3.8939793
1889.57 3.8392608
1883.87 -6.5231338
1883.87 -7.6084623
1883.85 3.978609
1883.85 4.20901
1883.87 -7.0197744
1883.85 4.0692925
1883.16 -7.54692
1883.16 -6.911381
1883.14 4.259616
1883.14 4.0972247
1883.16 -7.14486
1883.14 4.281886
1883.14 3.99085
1880.28 4.0865555
1879.57 3.8983326
1879.57 4.0605836
1878.85 3.934186
1878.85 3.8129048
1878.14 4.119072
1878.14 3.5756578
1877.42 4.1143537
1877.42 3.9477186
1877.42 3.8614407
1875.28 4.0246134
1873.13 3.8810515
1873.13 4.1668515
1872.42 4.1974564
1872.42 3.9969234
1871.7 4.0927234
1870.99 4.0206795
1870.28 4.1474633
1870.28 4.191138
1869.56 4.0985994
1869.56 3.7967372
1869.56 3.993011
1869.56 4.063808
1864.56 4.12988
1864.56 3.816297
1863.84 4.0409164
1863.84 4.210563
1860.98 4.337573
1860.98 3.6366224
1860.27 4.217357
1860.27 4.1585293
1858.14 4.1048203
1858.14 4.4278817
1857.42 4.1301603
1857.42 4.2707376
1853.84 3.9660904
1850.26 4.3662376
1850.26 4.3932724
1849.54 4.2329016
1849.54 3.8675003
1848.83 4.2458963
1848.83 3.866333
1848.83 4.181015
1848.11 4.4126744
1844.53 4.5007205
1844.53 4.4952435
1844.53 4.445738
1843.81 4.2104897
1840.23 4.3237224
1839.51 4.363784
1833.78 4.1913605
1833.06 4.314415
1833.06 4.419429
1832.34 4.444982
1828.76 4.0971065
1828.76 3.923162
1828.05 3.700036
1828.05 3.880296
1827.33 4.0806093
1827.33 4.1919575
1826.61 4.1144176
1822.31 4.1618047
1822.31 4.094134
1815.86 3.6764398
1815.14 3.9060354
1815.14 3.9493365
1812.99 4.1171355
1812.27 4.1364856
1812.27 4.0364404
1812.27 3.9464526
1812.27 3.9475827
1810.12 3.6368637
1807.97 3.9411488
1807.25 3.7312014
1807.25 3.767398
1807.25 3.7985492
1806.54 3.9523215
1806.54 3.635184
1806.54 3.7436726
1805.82 3.8014963
1805.82 3.7665641
1805.1 3.9985871
1805.1 3.723438
1800.08 3.8033829
1799.37 3.9565263
1798.65 3.962175
1798.65 3.8347123
1797.93 3.8800938
1797.93 3.8102798
1797.21 3.7356963
1790.04 4.0329323
1790.04 3.4907281
1789.32 4.0699744
1789.33 3.9347408
1788.61 3.7234488
1787.89 4.0577435
1787.89 4.1870255
1787.17 3.9788196
1787.17 3.8098829
1786.46 3.8364198
1786.46 3.9850705
1786.46 3.8677409
1785.02 3.76886
1785.02 3.9224484
1785.02 3.8932562
1785.02 3.8159068
1784.31 3.942794
1784.31 3.7282417
1782.15 3.7137923
1778.57 3.7892287
1778.57 3.7555804
1778.57 3.7240574
1778.57 3.5640798
1778.57 4.099636
1777.85 3.913905
1775.7 4.011237
1775.7 3.7196653
1774.98 3.9038785
1774.98 3.835327
1774.98 3.797772
1774.98 3.7187924
1774.26 3.767749
1773.55 3.821132
1773.55 3.416911
1772.83 3.8227031
1772.11 3.9568133
1771.4 3.8620489
1771.4 4.061571
1770.68 3.9547977
1767.81 3.913263
1767.81 3.6473083
1767.09 4.0803638
1767.09 3.678205
1766.38 3.5778422
1764.22 3.878555
1763.53 -10.471401
1763.51 3.6234665
1763.53 -10.632572
1763.51 4.00959
1763.51 3.8585358
1763.53 -10.070368
1762.81 -10.417937
1760.64 3.986814
1754.9 3.8615308
1754.19 4.0126634
1754.19 3.9383378
1754.19 3.6353
1754.19 3.9208307
1749.17 3.8686664
1749.17 4.0053496
1748.45 3.6372187
1747.76 -10.843343
1747.74 3.6846392
1747.74 3.4769697
1747.74 3.764967
1747.73 3.9331694
1747.02 3.9354439
1746.3 3.6796124
1746.3 3.8152668
1746.3 3.590496
1743.43 3.809758
1743.43 3.7208018
1740.57 3.961873
1740.57 3.7089887
1739.85 3.8006845
1739.85 3.5091527
1739.13 3.7168887
1738.42 3.861469
1738.42 3.8011413
1738.42 3.7130644
1734.83 3.7652884
1734.83 3.8589807
1734.12 3.859822
1734.12 3.9021206
1731.25 4.034233
1730.53 4.0523725
1730.53 3.7340553
1730.53 3.954666
1726.24 3.9930127
1726.24 3.8126519
1726.24 3.6323996
1726.24 3.1675441
1726.24 3.752649
1725.52 3.5890644
1724.8 3.9812558
1724.8 3.8152921
1724.09 3.741182
1723.37 3.7545817
1723.37 3.7868488
1723.37 3.0811327
1718.38 -11.377065
1717.67 -11.362758
1717.67 -11.220984
1716.92 3.5949097
1716.21 3.642071
1716.21 3.7644525
1715.49 3.3846266
1713.37 -10.936603
1713.37 -11.167112
1712.63 3.47515
1712.65 -10.923085
1712.63 3.3534956
1711.91 3.6906993
1711.91 3.819525
1706.18 3.6246154
1701.18 3.1977715
1700.46 3.6913762
1700.46 3.1996481
1699.74 3.2282574
1699.74 3.5960522
1699.03 3.4206383
1699.03 3.3367498
1699.03 3.337467
1698.31 3.328021
1698.31 3.2718759
1696.88 3.1777835
1696.17 3.7885478
1696.17 3.645286
1696.17 3.6341078
1696.17 3.4771788
1695.45 3.2694414
1695.45 3.5674489
1694.74 3.6447566
1693.31 3.47562
1692.59 3.9641109
1692.59 3.4305744
1691.18 -9.94215
1691.18 -10.317029
1691.18 -10.736412
1690.47 -10.529184
1690.47 -10.756391
1689.73 3.5205355
1689.73 3.4942882
1689.01 3.4667988
1689.01 3.5906217
1688.3 3.4163077
1688.3 3.534061
1686.87 3.974637
1686.87 3.510877
1686.87 3.5446136
1686.15 3.3653703
1684.01 3.5562053
1681.86 3.4276261
1681.15 3.2923057
1681.15 3.5218604
1681.15 3.3448489
1681.15 3.5031545
1681.15 3.7402854
1674.71 3.4611337
1674.71 3.6981668
1674.0 3.6544268
1674.0 3.7710803
1673.28 3.630801
1673.28 3.5663326
1672.57 3.6802356
1671.86 3.523518
1671.86 3.5638714
1671.14 3.6818821
1666.85 3.6200025
1666.85 3.3339236
1666.14 3.3440928
1666.14 3.6191201
1665.42 3.7199335
1665.42 3.753883
1665.42 3.8215382
1663.99 3.7696452
1663.99 3.6236434
1663.99 3.6142476
1663.28 3.6472075
1662.57 3.4313695
1661.85 3.5744317
1661.85 3.4647584
1661.14 3.5433686
1661.14 3.6926386
1661.14 3.6369848
1661.14 4.069132
1660.42 3.6307163
1659.71 3.6091797
1659.71 3.750676
1659.71 3.495497
1658.99 3.864578
1658.28 3.4951494
1657.57 3.6772358
1656.85 3.9269474
1656.14 3.463221
1656.14 3.5794685
1656.14 3.7099113
1655.42 3.8216112
1654.0 3.6571214
1653.99 3.8670537
1653.28 3.875446
1653.28 3.8799605
1653.28 3.6037953
1653.28 3.6262078
1652.57 3.7364624
1652.57 3.566776
1652.57 3.6860855
1651.14 3.9400797
1651.14 4.0301285
1651.14 3.9790754
1650.42 3.7728364
1645.43 3.6080718
1645.43 4.0758853
1644.71 3.5095046
1644.71 4.09424
1644.71 4.064799
1638.29 3.7493255
1636.15 3.6553626
1636.15 3.7910645
1635.43 3.3269088
1635.43 3.3025377
1634.72 3.630548
1634.01 3.7648847
1634.01 3.371969
1633.29 3.437462
1633.29 3.8032656
1631.15 3.406076
1631.15 3.6918652
1630.44 3.4923422
1630.44 3.525448
1629.73 3.6981297
1629.73 3.5823762
1627.59 3.671576
1626.87 3.8414264
1626.87 3.4841266
1626.16 3.5913188
1626.16 3.7895563
1622.59 3.462545
1621.88 3.6296575
1621.88 3.62268
1621.88 3.7767978
1619.74 3.640965
1619.02 3.758476
1619.02 3.743554
1618.31 3.7090075
1617.6 3.6379583
1617.6 3.8268714
1616.89 3.5885408
1616.17 3.8565354
1615.46 3.528526
1615.46 3.5757434
1614.75 3.5454
1614.75 3.8146138
1614.03 3.6010132
1614.03 3.7169843
1609.04 3.6887746
1609.04 3.6048012
1608.33 3.5961533
1607.61 3.8028889
1607.61 3.5872047
1601.2 3.6158357
1601.2 3.7217565
1601.2 3.664523
1600.48 3.7638912
1600.48 3.739373
1599.77 3.613922
1599.06 3.8260596
1596.92 3.5468812
1596.21 3.414055
1596.21 3.5765686
1596.21 3.510625
1595.49 3.2894592
1595.49 3.1677365
1591.93 3.4914613
1591.22 3.5058815
1591.22 3.5596213
1590.5 3.9503126
1588.37 3.4439595
1587.65 3.565682
1587.65 3.6439838
1587.65 3.7950666
1586.94 3.2148478
1586.94 3.4533963
1584.8 3.9311225
1584.09 3.3716855
1584.09 3.696007
1581.24 3.8268096
1581.24 3.4872892
1581.24 3.8276992
1580.52 3.4661372
1579.81 3.4853811
1579.81 3.9128027
1577.67 3.6453488
1577.67 3.9592166
1577.67 3.8180277
1577.67 3.8788846
1576.96 3.7929754
1576.96 3.310447
1576.25 3.8303437
1576.25 3.4979033
1575.53 3.5239725
1575.53 3.7857928
1574.82 3.531598
1574.11 3.9036074
1574.11 3.6025329
1573.38 3.6150942
1572.67 3.5073671
1572.67 3.3744135
1571.95 3.5408025
1571.95 3.5925374
1571.95 3.638297
1571.95 3.5154724
1571.24 3.7646494
1566.97 3.7912736
1566.97 3.615808
1566.97 3.718347
1566.26 3.7626166
1566.26 3.4643044
1565.55 3.682262
1564.13 3.5564017
1563.41 3.5514455
1563.41 3.693717
1563.41 3.6267214
1563.41 3.4871807
1562.7 3.4267292
1561.99 3.5631776
1561.28 3.9573584
1561.28 3.8364167
1561.28 3.5965533
1561.28 3.5205932
1560.57 3.562543
1560.57 3.5536485
1559.86 3.6497254
1559.86 3.6298132
1559.86 3.429111
1559.14 3.6710472
1559.14 3.692843
1558.43 3.6461868
1556.3 4.0242352
1556.3 4.2339025
1555.59 3.5443845
1555.58 3.983638
1555.59 3.5469275
1554.87 3.719932
1554.87 3.7078285
1552.74 3.8304315
1552.74 3.587748
1552.74 3.690353
1552.74 3.7672496
1552.03 3.6846528
1551.31 3.6806905
1551.31 3.9733446
1549.18 3.803654
1549.18 3.948558
1549.18 3.8167293
1549.18 3.8690681
1549.18 3.898512
1548.47 3.9188247
1544.19 3.841325
1543.48 4.016813
1543.48 3.8682106
1543.48 4.016689
1542.77 3.7217057
1542.77 3.867496
1542.06 4.2482953
1542.06 3.8611991
1541.35 3.9074569
1540.63 3.823549
1540.63 3.4047835
1540.63 3.6062315
1539.92 3.6327665
1539.92 3.8560715
1539.92 3.7711744
1539.21 3.6882093
1538.5 3.751576
1538.5 3.8638651
1538.5 3.8879726
1538.5 3.7776477
1537.78 3.7823
1534.94 3.7349687
1528.52 3.629624
1528.52 3.6748238
1528.52 3.4719665
1527.81 3.670016
1525.67 3.3373706
1522.11 3.568539
1521.4 3.7231545
1521.4 3.5798912
1520.68 3.4679906
1517.12 3.9102304
1516.4 3.6960533
1516.4 3.9397001
1516.4 3.5747068
1515.69 3.761756
1514.98 3.616726
1514.98 3.9243927
1514.98 3.7738576
1509.98 3.8910666
1509.98 3.938602
1507.84 3.8898478
1507.13 3.5044684
1507.13 3.9814754
1507.13 3.9620376
1506.42 3.8170476
1506.42 3.9831562
1506.41 4.2287736
1506.42 3.871966
1506.41 4.2355256
1505.7 3.9016361
1504.99 4.1326857
1504.99 3.7572808
1504.99 4.185185
1504.99 4.010192
1504.27 3.8142552
1503.56 4.1493936
1502.85 4.120984
1502.85 4.0741563
1499.99 3.9270291
1499.99 4.238027
1499.99 4.11194
1499.99 3.611971
1499.99 4.025455
1498.56 3.946031
1498.56 4.0255256
1497.85 4.2131405
1497.85 4.1613736
1494.99 3.9130037
1485.7 4.069415
1484.98 4.103613
1484.98 4.031218
1484.98 4.123871
1484.27 4.1321206
1483.55 4.061934
1482.84 3.8002765
1482.84 3.9042113
1482.84 3.9553564
1482.12 3.8778949
1480.69 3.6594338
1480.69 3.9543478
1479.98 3.9924161
1479.98 4.0877447
1479.26 4.1818314
1479.26 3.908871
1478.55 4.0229335
1478.55 3.8625994
1474.25 3.7955778
1474.25 3.8582253
1473.54 4.1550746
1473.54 3.8473315
1472.82 3.9112778
1472.82 3.8951502
1472.82 4.107299
1472.11 4.050502
1468.53 3.9351873
1468.53 3.46184
1468.53 4.2186036
1467.81 4.045639
1467.81 4.032763
1467.81 4.04487
1467.81 3.7587614
1467.09 4.045902
1467.09 4.174961
1467.09 3.835056
1466.38 3.8813276
1466.38 4.0628524
1453.51 -15.213939
1453.51 -14.974603
1453.51 -14.966818
1452.79 -14.883861
1452.76 4.3206177
1452.04 3.891178
1452.04 3.8910964
1452.04 3.940106
1451.32 4.027152
1450.6 3.9671602
1450.6 4.088836
1450.6 3.991321
1450.6 3.9848495
1449.89 3.90578
1449.89 3.9107683
1449.89 4.033706
1449.17 4.4175014
1448.45 4.0817275
1447.73 4.028557
1447.73 3.9286544
1447.02 3.8897529
1446.3 3.8789043
1446.3 4.0764523
1446.3 4.307775
1445.58 3.8105779
1445.58 3.971902
1434.81 3.715706
1431.93 3.966746
1431.93 3.8361952
1431.21 4.05572
1431.21 3.6579669
1431.21 3.7818131
1430.53 4.5828843
1430.53 3.923343
1430.53 3.730483
1430.53 4.063149
1429.81 4.090334
1429.81 3.9999454
1429.81 3.868967
1429.81 3.4892552
1429.09 3.788576
1428.37 3.9897768
1427.65 3.7929626
1427.65 3.7443092
1427.65 3.8332675
1426.92 3.8214793
1422.6 3.7008228
1422.6 3.6350176
1421.87 3.754487
1421.87 3.8290114
1421.87 3.714602
1421.87 3.5484612
1421.87 3.6993892
1421.15 3.6718268
1421.15 3.5403476
1417.54 3.7927644
1417.54 3.914706
1416.82 3.6843898
1416.82 3.8644881
1416.1 3.7768824
1416.1 3.707912
1415.38 3.8810122
1412.52 -14.912282
1412.52 -14.953667
1412.52 -14.517346
1411.77 3.4383116
1411.8 -14.460409
1411.04 3.613464
1411.04 3.6587
1411.05 3.5653203
1410.32 4.028791
1410.32 3.9043312
1410.32 3.7321403
1400.93 3.6172812
1400.93 3.7807589
1400.21 3.7341309
1400.21 3.605323
1399.49 3.8784094
1398.76 3.713482
1398.76 3.6679204
1398.04 3.8365507
1398.04 3.703992
1398.04 3.45984
1397.32 3.8719413
1396.6 3.9106076
1396.6 3.7849004
1396.6 3.7767675
1395.87 3.654742
1395.15 4.0222216
1395.15 3.2610214
1395.15 3.890903
1394.43 3.9139996
1394.43 3.9231372
1392.26 3.9666936
1392.26 3.980755
1391.54 3.8033395
1391.54 3.8255758
1390.81 4.0381784
1390.81 3.9405987
1381.42 4.046992
1381.42 4.097429
1378.56 -13.588885
1376.36 3.9247308
1375.64 3.3828442
1375.64 3.8189416
1375.64 4.136315
1366.24 3.664096
1365.52 3.9209697
1365.52 3.8373897
1365.52 4.2182255
1364.8 3.597428
1364.8 4.0252266
1360.46 3.9832337
1359.74 3.7605522
1359.74 4.0311055
1359.74 3.8922625
1359.02 3.8489778
1358.29 3.8011847
1358.29 3.9346874
1357.57 4.02212
1353.24 3.661038
1353.24 3.4004478
1352.52 4.0855947
1352.52 3.6891942
1351.79 3.8032832
1348.91 3.6901987
1348.18 3.6333184
1348.18 3.805114
1348.18 3.5912218
1347.46 3.7736607
1347.46 3.9773655
1338.8 3.6124341
1338.8 3.7613895
1338.8 4.131909
1338.08 3.690028
1338.08 3.8263857
1337.36 3.7516499
1334.47 4.1360583
1333.75 4.0428104
1333.75 3.7291446
1333.03 4.1784835
1327.26 4.2847943
1317.18 3.5527458
1317.18 3.6269436
1317.18 3.6613793
1316.46 3.4130359
1316.46 3.764287
1315.74 3.8809037
1315.02 3.705092
1314.3 3.457465
1314.3 3.6460931
1313.58 3.7955048
1313.58 3.81534
1312.17 -15.02405
1311.45 -14.600241
1311.45 -14.666027
1311.42 3.6827953
1309.98 3.7317553
1309.26 3.7468479
1309.26 3.590296
1308.54 3.9306345
1308.54 3.843983
1307.82 3.734336
1307.82 4.025624
1307.82 3.6021519
1307.1 3.9279768
1306.38 3.7809181
1306.38 3.7588649
1305.66 3.9101424
1299.19 3.980439
1298.47 3.724008
1298.47 3.7462614
1298.47 3.8982162
1297.75 3.9015872
1297.75 3.918869
1297.75 3.6496038
1297.04 3.9335124
1297.04 3.7844884
1294.88 3.6676185
1294.88 3.8785965
1294.88 4.271534
1294.16 3.9595532
1293.44 3.8279362
1293.44 3.9410257
1292.73 3.961319
1292.73 3.967073
1290.57 3.5748205
1289.85 3.516078
1289.85 3.9083762
1289.85 3.875225
1284.79 3.8833401
1284.79 3.6930404
1284.79 4.2231684
1284.08 4.2212777
1284.08 4.098665
1283.36 3.8269453
1283.36 3.8654466
1283.36 4.1313024
1274.79 4.0451937
1274.08 3.968263
1274.08 4.0714083
1273.36 4.7552896
1273.37 4.2061357
1272.65 4.052745
1272.65 3.8833873
1271.94 4.0894113
1271.94 3.9962337
1271.23 3.6999588
1270.51 3.937442
1270.51 3.9537337
1269.8 4.133329
1269.8 4.0715823
1269.08 3.86198
1269.08 4.042944
1266.23 4.277347
1265.52 3.9387143
1265.52 4.1430283
1265.52 4.239475
1264.8 4.2132382
1264.8 4.2457023
1264.09 4.272066
1261.95 4.231899
1261.24 3.8354728
1261.24 4.184539
1260.53 4.002321
1260.53 3.9573352
1260.53 4.1608114
1259.81 3.7041724
1259.81 4.137325
1254.83 4.144619
1254.83 3.910158
1254.11 4.2888675
1253.4 4.022558
1244.17 -14.158653
1228.48 3.8310251
1227.06 3.6249895
1226.35 3.5741765
1226.35 4.1722198
1221.37 3.2216735
1221.37 3.9184296
1213.55 4.0413456
1212.83 3.8764455
1212.83 3.8217528
1212.83 3.8953042
1212.83 3.7353914
1212.12 4.011412
1212.12 3.7185733
1211.41 4.001804
1210.7 3.9856498
1210.7 3.8213158
1207.86 3.8689566
1207.86 3.7602303
1205.72 3.7688627
1205.72 3.8428192
1205.01 3.8042672
1205.01 3.9204128
1204.3 4.176578
1204.3 3.7725563
1197.9 4.0183573
1197.18 3.6367474
1197.18 3.9391506
1197.18 3.994993
1196.47 4.06821
1196.47 3.7586434
1192.2 3.7331245
1192.2 3.3938153
1192.2 3.441603
1191.49 3.731969
1191.49 3.4341977
1190.78 3.4716892
1190.78 3.3874414
1190.78 3.4459312
1190.07 3.6677248
1190.07 3.4161494
1190.07 3.4494514
1189.36 3.5019205
1189.36 3.3555462
1189.36 3.5985506
1188.65 3.249264
1188.65 3.1420748
1186.51 3.6833818
1185.8 3.475749
1185.8 3.2827213
1185.8 3.6657898
1185.8 3.4205258
1185.09 3.477178
1185.09 3.2721307
1185.09 3.5496671
1185.09 3.1105375
1184.38 3.2266073
1183.66 3.3890603
1183.66 3.4894717
1181.53 3.4612978
1181.53 3.2069306
1180.82 3.4682531
1180.82 3.2029712
1176.55 3.3302028
1176.55 3.4873788
1175.83 3.628013
1175.83 3.2569199
1175.83 3.4778898
1175.83 3.4092984
1175.12 3.4238222
1175.12 3.5031018
1175.12 3.3414664
1175.12 3.6500745
1175.12 3.2895458
1171.56 3.3647838
1171.56 3.4683998
1170.85 3.4886112
1170.85 3.3539057
1170.14 3.7646558
1170.14 3.39337
1156.6 3.367225
1150.18 3.4058857
1145.9 3.2782571
1145.9 3.5318193
1145.18 3.2985168
1145.18 3.2525914
1145.18 3.3652365
1145.18 3.362524
1144.47 3.4780667
1144.47 3.368061
1143.79 3.4181957
1133.76 3.3253667
1133.04 3.9844148
1133.04 3.9620693
1133.04 3.7549818
1132.33 3.9894812
1125.16 4.00717
1125.16 4.343139
1124.44 3.9046726
1124.44 4.0116158
1123.72 4.2454395
1123.72 4.0036216
1117.98 3.4355214
1117.98 3.76587
1117.27 3.998819
1116.55 3.953462
1116.55 4.2998176
1115.83 4.3453207
1115.11 4.2284207
1114.39 4.4169707
1114.4 4.058959
1114.4 4.1612253
1113.68 4.055463
1113.68 4.2301917
1113.68 3.9283836
1109.37 4.116987
1108.65 3.577965
1108.65 3.8561263
1107.94 3.7729251
1107.94 4.085652
1107.22 3.8392856
1106.5 3.894021
1106.5 3.5572393
1106.5 3.9477673
1105.78 3.9334416
1103.63 3.906999
1103.63 4.0296407
1102.91 4.2276664
1102.91 4.205365
1102.19 4.1828237
1097.88 4.086208
1097.16 4.2151055
1097.16 4.2211595
1096.45 3.9766302
1096.45 4.212687
1096.45 3.8833132
1092.14 4.1430645
1092.14 3.8938131
1092.14 3.991439
1091.42 3.847222
1084.95 4.092893
1084.23 4.0772343
1084.23 4.0974298
1084.23 4.0969634
1083.52 4.1173706
1082.8 3.6199908
1082.8 3.9734094
1082.8 4.1868415
1082.08 4.3853607
1081.36 3.9840744
1081.36 4.205439
1080.64 4.1261764
1080.64 4.0745153
1074.89 4.0998645
1074.18 4.028321
1074.18 4.0963635
1073.46 4.0070486
1067.71 3.819622
1066.99 3.6062944
1066.99 4.038515
1066.27 3.885375
1066.27 3.880913
1065.55 3.8383799
1064.84 3.7256668
1064.84 3.42253
1064.12 4.029824
1064.12 3.783203
1059.12 -16.808962
1058.41 -17.351841
1058.37 3.6476972
1058.41 -17.065828
1057.65 3.7364566
1057.65 3.8835967
1057.65 3.7001944
1056.93 3.7326863
1056.93 3.6750627
1056.22 3.9560902
1055.5 3.6998813
1055.5 4.051198
1055.5 3.9873593
1055.5 3.6992729
1051.19 3.7518585
1051.19 3.8066947
1050.47 3.7941868
1050.47 3.9461617
1049.75 4.004016
1049.75 3.933982
1049.03 3.527057
1049.03 3.857967
1045.48 -16.922249
1044.76 -16.916418
1044.76 -17.199263
1044.04 -16.636871
1044.04 -16.507044
1041.85 4.001328
1037.58 -16.859917
1036.11 3.7177765
1036.11 3.5494068
1035.39 3.922991
1035.39 3.7406175
1035.39 3.8599503
1031.09 3.6568685
1030.37 3.4167361
1030.37 3.5660112
1023.91 3.8502302
1023.91 3.981282
1023.19 3.7174401
1023.19 3.5642312
1022.48 3.9220777
1022.48 3.4983764
1021.76 3.2675061
1021.76 3.6876354
1013.87 3.5334098
1013.87 3.5389082
1013.16 3.6684897
1013.16 3.6007123
1012.44 3.3820713
1012.44 3.573328
1011.72 3.2239022
1011.72 3.5188308
1011.01 3.5385401
1010.29 3.5889215
1010.29 3.501908
1000.23 3.98761
995.23 3.783879
994.52 3.966994
994.52 3.6225657
993.8 3.9513652
993.09 3.9604552
993.09 3.807412
992.38 3.742067
992.37 3.882907
990.95 4.0014377
990.95 3.661588
990.23 3.6812723
990.23 4.2725167
987.38 3.940938
987.38 3.7590418
986.66 4.1743627
986.67 3.7480748
984.52 3.7699766
983.81 3.8983219
983.81 3.8124757
983.81 3.8988042
983.81 3.8788257
983.1 3.9075015
983.1 3.6212971
963.85 3.797566
960.28 3.8760922
960.28 3.6451504
959.57 3.6231096
959.57 3.8669171
958.86 3.7792895
958.86 3.8318608
958.15 3.5911002
958.15 3.5337932
957.43 3.8165405
957.43 3.727349
956.72 3.765611
956.72 3.8348265
956.72 3.6124506
956.72 3.8508608
956.72 3.2644193
956.01 3.6590083
955.3 3.3576555
955.3 3.751543
954.59 3.19875
954.58 3.7323773
953.87 3.7523077
953.87 3.6690657
953.16 3.3977814
953.16 3.7121994
952.45 4.1009665
952.45 3.7635999
951.73 3.7838695
951.73 3.782364
951.02 4.0801086
951.02 3.6305988
946.75 3.9264762
946.04 3.6540773
946.04 3.683198
946.04 3.899985
945.32 3.9815867
945.33 3.8728364
936.07 4.1020207
935.39 -14.332946
935.39 -14.19412
935.36 4.0667906
934.68 -14.738777
934.64 4.287828
934.68 -14.738497
934.64 4.1496787
933.93 4.0036726
933.93 4.1240516
933.22 4.0352235
933.22 4.0205197
933.22 3.4370234
933.22 4.2466245
933.22 4.194864
928.95 4.2482963
928.95 4.292494
928.24 4.1807017
921.12 4.064804
921.12 4.1318784
920.41 4.209101
919.69 4.3263855
919.69 4.20534
919.7 3.8145187
918.98 4.3182945
918.98 4.5054307
918.98 4.0874467
918.98 3.8997576
911.15 3.4557557
904.75 3.528261
904.75 3.629055
904.04 3.5635488
904.04 3.3702545
904.03 3.752907
903.32 3.5710394
903.32 3.4950469
903.32 3.5497882
903.32 3.9786963
902.61 4.05443
902.61 3.6270895
902.61 3.7184048
900.47 4.2646103
900.48 3.6285298
900.48 3.6347206
900.47 3.953868
899.76 3.821761
894.07 4.1100864
894.07 4.0841427
893.35 3.8851097
893.36 3.7066298
892.64 4.058512
892.64 3.8452942
891.93 3.7330568
891.93 4.0524836
888.37 3.759165
888.37 4.0225034
888.37 3.9110084
887.66 3.8427477
887.66 4.190212
886.95 4.1164513
886.95 4.319649
886.95 3.9951956
886.23 4.225721
885.52 3.6914587
885.52 4.178762
884.81 4.3176603
884.81 3.79752
884.1 4.2987638
884.1 4.2049246
883.38 4.1911325
879.82 3.9796703
879.11 3.7977555
879.11 3.9100485
878.4 4.3800254
877.69 3.9503582
877.69 3.9524195
876.97 4.3841877
876.26 3.9922402
876.26 3.7042215
876.26 3.6844149
875.55 3.6614888
873.41 3.9485343
872.7 3.6517527
872.7 3.5666726
871.99 3.84123
868.42 3.800911
868.42 3.755606
867.71 3.8126953
867.71 3.7310796
865.57 3.7056434
864.86 3.6930714
864.86 3.7512853
864.86 3.5135386
864.15 3.5750976
857.75 3.6670578
857.04 4.065096
857.04 3.9500146
857.04 3.9525561
856.32 3.6948743
856.32 3.786913
856.32 4.1633315
855.61 3.6818047
855.61 3.9632988
853.46 3.8827362
852.75 3.9579964
852.75 4.0708528
852.75 3.9742188
849.89 4.237237
845.6 4.0809193
845.6 3.746561
844.89 4.232813
844.89 4.0831094
844.17 4.1968517
844.17 4.180052
842.75 3.9633472
842.03 3.7432945
842.03 4.158275
842.03 3.6293356
838.46 3.9743354
837.74 3.8254192
837.74 3.472873
837.03 3.7187707
836.31 3.6068027
825.58 4.148051
825.58 4.2489576
824.87 4.1227546
824.87 4.012741
820.58 4.036218
820.58 3.6512675
819.86 3.9875538
819.15 3.6322918
819.15 3.7072356
819.15 3.675155
818.43 3.8131068
818.43 3.4340434
818.43 3.6503994
814.17 -14.334361
814.17 -14.228097
813.45 -14.682446
813.45 -14.436184
811.28 3.347812
811.28 3.7018108
811.28 3.8359327
810.56 4.145474
810.56 3.8500195
809.84 3.4765666
809.84 4.101086
809.84 3.7343318
809.84 3.7623553
806.27 4.004779
805.55 3.9472098
805.55 4.2577434
805.55 4.1374393
802.69 3.9129355
801.97 4.1781282
801.97 3.9936223
801.97 3.9261491
801.26 3.7585588
799.11 3.9070184
799.11 3.8638442
798.39 3.5550318
798.39 4.1593723
797.68 4.0239863
796.96 4.0044904
796.24 3.9169424
796.24 4.008837
796.24 3.8978817
796.24 3.6907742
795.53 3.8557127
792.66 3.757921
791.95 3.7240422
791.95 3.806736
781.92 3.411199
781.21 3.3341906
781.21 3.5312068
780.49 3.5835168
777.63 3.5454683
777.63 3.516637
776.91 3.5813427
776.91 3.325846
776.91 3.53813
774.76 3.6837883
774.76 3.2879708
774.05 3.588573
774.05 3.5806396
773.33 3.8976789
772.61 3.5729325
772.61 3.39458
771.9 3.6508133
771.18 3.7397504
766.17 3.9522173
765.45 4.227395
765.45 3.8866167
765.45 3.9800231
764.73 3.7631288
764.02 3.8863392
764.02 3.8875222
764.02 3.8740711
763.3 3.9444458
763.3 4.100886
763.3 3.8674548
762.59 3.865445
759.72 3.8140378
759.72 3.7489495
759.0 3.9099507
759.0 3.9954097
759.0 3.6484225
758.29 3.6946335
758.29 3.8517804
757.57 3.9135692
756.86 4.0056233
756.86 3.9348443
756.86 4.1366415
756.14 3.9920933
756.14 3.8987339
753.99 3.5623758
753.27 3.8634372
753.27 3.9783156
753.27 4.0513153
751.84 3.8208907
751.84 4.014437
751.13 4.0909038
751.13 3.9043276
750.41 3.8648345
750.41 3.800772
749.69 3.6899436
749.69 3.8424797
738.95 4.1313205
738.23 3.97019
738.23 3.9759254
738.23 4.006788
737.52 4.201793
737.52 4.143214
735.37 4.200769
735.37 4.051133
735.37 3.9855318
735.37 4.0647073
735.37 4.0992236
734.65 4.092764
733.22 3.9197562
733.22 3.9878845
733.22 4.076639
732.5 4.2004957
731.79 3.9802785
731.79 3.618644
731.07 4.0298796
731.07 4.2094812
730.36 4.144795
730.36 4.0022116
730.36 4.0352206
729.64 4.187243
724.63 4.4027524
724.63 4.0788555
723.91 4.1652412
723.91 3.8560631
723.19 4.117331
723.19 3.9963977
721.05 3.9137282
720.33 3.984361
720.33 4.1812296
720.33 4.2394
720.33 4.429218
719.61 3.8963544
719.61 3.7522895
719.61 4.0590615
719.61 4.1370068
710.3 4.2396708
709.58 3.9241462
709.58 4.2231655
708.87 4.144773
708.87 4.1410656
708.87 4.0851583
706.72 4.2028155
706.72 4.198548
706.01 4.2398868
706.01 3.9776313
706.01 3.740405
703.15 4.078969
703.15 4.072545
702.43 4.0289025
701.72 3.710851
701.72 3.5994096
701.72 3.7550244
701.72 4.3488393
701.0 3.9047265
696.71 3.911139
696.71 4.215321
696.71 4.1295285
696.0 4.0501504
696.0 3.4089053
695.28 4.0740747
695.28 4.0241666
695.28 4.0162897
694.57 3.7121267
688.85 3.5945466
688.13 4.067986
688.13 3.6671677
687.42 3.9083915
683.84 3.51363
683.13 3.322813
683.13 3.3585773
683.13 3.4312038
682.41 3.2936537
678.84 3.3849776
678.13 3.138922
678.12 3.3152332
677.41 3.1803684
677.41 3.3537476
676.69 3.6345952
675.98 3.3302891
675.98 3.2255352
675.98 2.8200188
675.98 3.2429185
675.27 3.5442746
674.55 3.3423688
674.55 3.2251015
673.84 3.3169787
670.98 3.3344915
670.26 3.388981
670.26 3.1318326
670.26 2.9170895
669.55 3.2727284
668.83 3.3661346
663.11 3.6239202
658.83 3.8536513
658.11 3.6563005
658.11 3.7808223
657.4 3.7095506
657.4 3.678743
657.4 3.4779398
656.68 3.7061985
655.97 3.4554584
655.97 4.024798
655.25 3.9054537
655.25 3.7894063
652.39 4.0765805
652.39 4.0472045
651.68 3.5145698
651.68 4.039895
651.68 3.8650322
651.68 3.5495076
650.96 3.7770586
650.96 3.9826176
650.25 3.7342048
650.25 4.4443474
650.25 3.2818651
649.53 3.8303266
641.67 3.7563438
641.67 3.5613055
641.67 3.9869788
640.96 3.8558216
640.96 3.543625
640.24 4.085101
640.24 3.4216547
640.24 3.8457284
637.38 3.8771052
636.67 3.7219503
636.67 3.5836134
636.67 3.6208923
635.96 3.7166705
628.09 3.8837664
627.38 3.8216712
627.38 4.054391
626.66 3.8802655
625.95 3.9972687
625.24 4.1137
625.23 4.1893635
624.52 3.9351974
623.81 3.8296287
623.81 3.944221
623.81 4.0373755
623.09 3.8411036
621.66 4.0533047
620.95 3.73865
620.95 4.0034523
620.23 4.585708
620.23 3.9320226
620.23 4.0998316
617.37 3.7307258
617.37 3.838992
617.37 3.7487285
616.66 3.989398
610.23 3.4816952
609.51 3.749753
609.51 3.8857906
608.8 4.407548
608.08 3.8973155
607.37 4.299516
607.37 4.0709558
606.65 3.6945817
605.94 3.8004274
605.94 3.577832
605.94 4.329061
605.22 4.2571654
605.22 3.587922
604.51 4.54269
603.79 4.3462496
603.79 4.352715
603.08 4.403692
603.08 4.139921
598.79 4.537173
598.07 4.677307
597.36 4.5661116
597.36 4.451419
596.65 4.463386
590.93 4.081704
590.93 4.075085
590.21 4.5734005
590.21 4.306138
589.5 3.9488962
587.35 4.149194
587.35 4.0412264
587.35 4.092056
587.35 4.052852
587.35 4.240363
586.64 4.040612
586.64 3.9159412
585.92 4.214026
585.21 4.4632835
585.21 4.299626
584.49 4.088318
584.49 4.1318917
584.49 3.3721642
584.49 4.117343
583.78 3.7065206
583.78 4.250029
583.06 4.239683
580.2 4.0031233
579.49 3.9607182
579.49 3.9734678
579.49 3.613646
579.49 4.283058
578.77 3.8707817
578.77 4.2020617
575.91 3.759639
575.2 3.544474
575.2 4.11274
574.48 3.9976993
574.49 3.3994496
573.77 3.736353
573.77 3.5506814
572.34 4.2678204
571.63 4.0043
571.63 3.6945682
571.63 3.7767408
570.91 3.6055908
570.2 3.7331326
567.34 3.9483123
566.62 3.670243
566.62 3.5389965
566.62 3.8775814
566.62 3.2650406
565.91 3.7285612
565.91 3.7013466
565.91 3.4640572
565.19 4.2200317
563.04 3.579111
563.04 3.7453687
562.33 3.285866
559.47 3.3114467
559.47 3.2104828
558.75 3.2966619
555.17 3.431701
555.17 3.4707363
554.46 2.839104
554.46 3.6837926
551.6 3.6810224
551.6 3.385453
550.88 3.7525618
550.88 3.7523208
548.73 3.7153122
548.73 3.8444965
548.02 3.1801481
548.02 3.6906574
546.59 3.6974912
546.59 3.87826
545.87 3.5674126
545.87 3.802171
545.16 3.5721204
545.16 3.7047818
545.16 3.3054743
545.16 3.7053685
542.29 3.521134
541.58 3.112159
541.58 3.6820989
541.58 3.058715
538.0 3.061418
538.0 3.6693537
538.0 2.8853774
538.0 2.9786556
537.28 3.5860512
537.29 3.0620244
536.57 3.1495326
536.57 3.723339
534.42 3.7685125
534.42 3.5835695
534.42 3.496156
533.71 3.1887527
529.41 3.4174984
528.7 3.3349695
521.54 3.5428684
521.54 3.5425391
521.54 3.7916026
520.82 3.7665715
520.82 3.567387
520.1 3.6472397
518.67 3.5170703
516.52 3.8920496
516.53 3.7368183
515.81 3.6713147
515.81 3.542963
513.66 3.6752024
513.66 4.117134
511.51 3.8689282
510.8 3.8797164
510.8 3.7893012
510.8 3.7512517
510.8 4.0169005
510.8 4.0679383
510.08 3.9768152
509.37 3.8382602
508.65 3.7421587
508.65 3.8163161
507.93 4.0179296
507.22 3.9924145
506.5 3.6772149
506.5 3.7874904
506.5 3.0648303
506.5 3.8753657
506.5 3.6784086
505.79 3.7382774
505.79 3.681047
505.79 3.630121
505.07 3.576848
505.07 3.6907098
495.76 4.1194777
495.76 3.798667
495.76 3.636196
495.04 3.861852
492.18 3.4209192
491.46 4.016237
491.46 3.9685206
491.46 3.8272552
490.75 3.8999062
490.75 3.9735231
490.75 3.8800573
490.03 3.6841874
487.88 3.961045
487.17 3.979036
487.17 3.375453
486.45 3.9508321
486.45 3.7925682
485.73 3.9715278
485.73 3.9619367
485.02 3.946995
485.02 3.7903686
484.3 3.8889155
484.3 3.7274725
483.59 4.115582
482.15 3.8347163
481.44 3.562129
481.44 3.8167038
480.72 3.963123
480.72 3.9888685
480.72 4.220276
479.29 3.9057066
479.29 3.4247618
479.29 3.7136738
479.29 4.047481
478.57 4.152637
477.86 3.948774
477.14 3.715125
477.14 3.7942848
476.42 3.6199708
476.42 3.7712755
475.71 4.293264
468.55 3.9360898
468.59 -20.688671
468.59 -20.413017
467.87 -20.375294
467.87 -20.81196
467.15 -20.514708
467.15 -20.438927
466.4 3.7514987
466.4 3.6837816
466.4 3.1189847
465.68 3.6413398
465.68 3.7772403
464.96 3.7502332
464.96 3.7529802
464.96 3.7804804
459.23 3.3713932
459.23 3.4164653
458.52 3.7663655
458.52 3.3100882
457.8 3.6651535
457.8 3.7078328
457.08 3.9790444
456.37 3.7977734
456.37 3.8741527
455.65 3.6176553
455.65 3.739842
454.94 3.7234173
454.22 3.805552
454.22 3.7764678
454.22 3.6207123
453.5 3.465959
453.5 3.4473538
452.79 3.926372
452.79 3.7877688
452.07 3.691214
446.34 3.4402194
442.08 -19.624975
440.61 3.6404603
439.89 3.697237
439.89 3.7788477
439.89 3.0926468
437.07 -19.792246
435.59 4.1106935
435.6 3.9189034
435.59 4.0843425
435.6 3.6236923
431.3 3.8967478
431.3 4.1749077
430.58 3.7296681
430.58 4.005193
429.87 3.462941
429.15 3.993228
429.15 3.9971862
429.15 3.8177192
429.15 3.8055832
427.0 3.9537098
427.0 3.7260332
426.28 4.0196233
426.28 3.8491747
425.57 3.804037
424.85 3.831134
424.85 3.5424647
424.14 3.7376425
423.42 3.8708186
422.7 3.8477142
422.7 3.9018369
421.99 3.7963612
421.99 4.2007947
421.27 3.72885
421.27 3.7520714
420.55 3.990249
420.55 3.81836
419.84 4.167953
419.84 3.7445
419.12 4.1743035
418.4 3.7760403
418.4 3.7525277
418.4 4.001386
417.69 3.817913
417.69 3.8754127
415.54 4.17272
415.54 3.5813193
414.82 3.5543728
414.82 3.8546193
414.82 3.9693801
412.67 3.6838503
411.96 3.6185982
411.24 3.872735
411.24 3.6732242
411.24 3.8105986
401.21 3.4898639
400.49 3.584424
400.49 3.8205576
399.78 3.4148858
399.78 3.5374656
399.06 3.7375894
399.06 4.0249863
399.06 3.6051974
398.35 3.7755733
398.35 3.569499
397.63 3.9749618
391.18 3.781075
391.18 3.8389995
390.47 3.876079
390.47 4.104094
389.75 3.5544488
389.75 3.821727
389.03 4.1220455
388.32 3.7506115
388.32 3.6982481
388.32 3.895228
387.6 3.7936623
386.88 3.7453945
386.88 3.9655113
386.17 4.123958
386.17 3.9424634
386.17 3.8888533
385.45 4.012328
385.45 4.023097
384.74 3.761026
384.74 3.941609
381.15 4.232092
380.44 4.17115
380.44 3.4561028
380.44 4.157989
379.72 4.045389
379.01 3.7427032
379.0 4.0296187
376.17 -14.909452
375.46 -15.42016
372.56 4.3362093
372.56 4.0241017
372.56 4.1135364
372.56 3.908807
372.56 3.9337711
371.84 4.3077087
371.84 4.111489
371.13 3.5864053
371.13 4.1355667
370.41 4.126102
368.98 3.8543987
365.4 3.9214284
360.38 3.9853647
360.38 3.6594198
360.38 3.8043144
359.67 4.0295696
358.95 3.757849
358.95 3.9740703
358.24 3.9700158
358.24 4.133689
356.8 4.138047
356.09 4.362642
356.09 3.7200618
356.09 3.8809168
354.66 3.753686
354.66 3.798855
353.94 3.756212
353.94 3.902432
353.22 3.7993996
353.22 4.1153183
346.78 3.9207478
346.06 4.320519
346.06 3.8383703
346.06 4.205831
345.35 3.7639303
338.9 3.8750672
338.19 3.6796699
338.19 4.0216656
333.89 3.7946908
333.89 3.534075
333.18 3.845728
333.18 3.6118891
331.03 3.965726
330.31 3.8737748
330.31 3.402304
330.31 3.8873215
329.6 3.9857383
328.88 3.8137155
323.87 4.224736
323.15 3.8604424
323.15 4.118106
323.15 4.0791693
322.44 3.7080443
321.72 3.995974
321.72 3.867047
321.01 3.981409
317.43 4.0836153
316.71 4.1755223
316.71 3.79357
316.71 3.9862194
315.99 4.138015
316.0 3.6198535
315.28 3.7804844
314.56 3.9717464
312.42 4.076332
312.42 3.7097955
312.42 3.7572842
311.7 4.013494
310.99 3.7720578
310.27 3.8764443
310.27 3.853312
309.55 3.9254577
309.55 3.9677587
308.84 3.6471586
308.12 4.2079315
307.41 4.133825
307.41 4.251301
307.41 3.8615422
306.69 4.0862265
306.69 4.010377
306.69 3.8022318
298.82 3.9213302
298.1 3.8679078
298.1 4.297566
297.39 3.9410155
297.39 3.9082096
296.67 4.330491
296.67 3.8837683
295.96 4.060466
295.96 4.0609055
294.52 4.103202
294.52 4.1989436
293.81 4.0441203
293.81 4.114669
293.81 3.8917472
293.81 4.2971835
292.38 3.9820087
292.38 4.022921
291.66 4.0588264
291.66 4.1537313
291.66 4.0001698
290.23 4.158612
290.23 4.197182
290.23 4.2454634
290.23 4.1498756
286.65 4.204238
285.94 4.0705333
285.94 4.1977277
285.94 4.2071557
280.21 4.1630473
279.49 4.2485824
279.49 4.228776
279.49 4.2922935
278.78 4.209807
278.06 4.570593
277.35 4.26456
277.35 4.2339315
277.35 3.9937687
276.63 4.1356077
275.92 4.2130933
275.92 4.200469
271.63 4.116237
271.63 4.1319637
270.91 3.9862475
270.91 3.935296
270.2 3.9918385
270.2 3.8632941
270.2 3.939733
266.62 4.1289897
266.62 3.970302
265.91 4.064795
265.19 3.9716024
264.48 4.1175275
264.48 4.0882945
264.48 3.8584037
263.04 4.273928
263.05 3.9579911
262.33 4.09432
262.33 4.0600095
262.33 3.9035013
262.33 4.117487
262.33 3.8828542
261.61 4.3408003
255.89 4.095917
255.89 3.7439532
255.89 3.9704723
255.89 4.1843877
255.18 3.9832573
255.18 4.2767596
255.18 4.0202184
253.03 4.038961
253.03 4.0092635
252.32 4.121255
251.6 3.970385
250.89 3.9575057
250.89 3.896209
250.17 4.0070252
247.31 4.173776
246.6 3.8600419
246.6 3.7815266
246.6 3.8839905
245.88 4.03825
245.88 3.9115944
245.17 3.8262155
244.45 4.163426
244.45 3.8085532
238.73 4.099829
238.73 3.877204
238.01 3.76691
238.01 3.825356
237.3 3.6642585
236.58 3.892268
236.58 3.7022274
235.87 3.681933
235.15 3.4452558
235.15 4.0058584
234.44 4.102538
234.44 3.8215384
234.44 3.78268
233.72 3.7170298
233.72 3.925741
233.01 3.8308985
232.29 3.6411319
232.29 3.98197
231.58 3.8750021
231.58 4.1233974
230.86 3.5671518
230.86 3.975849
230.86 3.7306626
230.15 3.484936
228.72 4.1351542
228.0 3.4420645
228.0 4.048532
228.0 3.8838785
227.29 3.6728225
225.85 3.950129
225.14 3.721671
225.14 3.8570087
225.14 3.6688845
225.14 3.7070084
224.42 3.74585
224.42 3.8492799
224.42 3.82898
223.71 3.804136
221.56 3.6614146
221.56 4.0892344
221.56 3.8694324
220.85 3.8612099
215.84 3.5712738
215.84 3.6132734
215.84 3.6853902
215.12 3.4875052
215.12 3.7063198
214.41 3.8446448
213.69 3.7496881
213.69 3.7945106
212.98 3.8600764
211.55 3.5682044
210.83 3.6258852
210.83 3.3028073
210.83 3.7913191
210.11 3.4951327
210.11 3.6680553
210.11 3.5247285
207.25 3.585455
207.25 3.5969737
207.25 3.224711
207.25 3.6023197
206.54 3.6961555
206.54 3.7906919
206.54 3.7489798
202.24 3.6863563
202.24 3.121723
201.53 3.586616
201.53 3.684214
201.53 3.022639
200.81 3.6245825
200.81 3.7182012
200.09 3.859289
200.09 3.5545263
197.23 3.8653183
196.52 3.3808763
196.52 3.6318328
195.8 3.4543548
192.94 4.085443
192.94 3.837635
192.94 3.7716694
192.22 3.2230272
192.22 3.5179558
192.22 3.7719386
191.5 3.8273861
190.79 3.7562923
190.79 3.6120183
190.79 4.0674534
190.07 3.5775204
190.07 4.1220813
185.06 3.4408014
185.06 4.149857
185.06 4.0989747
184.34 3.7433052
180.05 3.619067
179.33 3.9585521
179.33 3.647957
179.33 3.8867836
178.62 3.7552006
178.62 3.9939873
178.62 4.201172
178.62 3.8413298
177.9 3.8733902
177.18 4.0161257
177.18 3.7499762
176.47 3.8885727
176.47 3.7643077
176.47 3.9259691
176.47 3.5721154
175.75 3.7322114
175.75 3.964616
175.03 3.7424252
175.03 3.8273776
168.59 3.972665
168.59 3.9326193
167.87 3.7258878
167.87 3.4934156
167.16 4.133429
167.16 3.8829658
166.44 3.8853145
166.44 3.9441721
166.44 3.938957
165.72 3.8535905
163.57 4.056442
159.99 4.1219306
159.99 4.0960846
159.27 3.7276406
159.27 4.003492
159.27 4.138351
159.27 3.868586
158.56 3.884602
153.54 3.796309
152.82 4.287038
152.82 4.151068
152.11 3.842079
152.11 4.0879984
152.11 3.991643
151.39 4.17577
151.39 4.128755
150.67 4.011345
150.67 3.8788116
150.67 4.038955
150.67 3.9889808
149.96 4.0664835
149.24 3.9103522
148.52 3.9222877
148.52 4.142961
147.81 4.013725
147.81 4.0808077
147.09 4.2324038
147.09 3.9721732
147.09 3.8926556
146.37 4.011997
146.37 4.047096
145.66 4.1024647
145.66 3.9163013
140.65 4.025407
139.93 3.9836946
139.93 4.0695243
139.93 3.9842858
137.78 3.7562027
137.78 3.8450503
137.06 3.8981957
137.06 3.7689767
137.06 3.926259
137.06 4.006617
136.34 3.7056408
134.91 3.999908
134.91 3.673645
134.19 3.9711585
134.19 3.9080038
133.47 3.862483
133.47 3.8657727
133.47 3.8578806
132.04 4.151112
132.04 3.9282064
132.04 3.6856117
132.04 3.8414264
131.32 3.6217084
131.32 3.921855
130.6 3.871832
129.88 3.7705507
129.88 3.9276
129.88 3.8938298
129.17 3.8339195
128.45 3.8074112
128.45 3.8410354
127.73 3.6313891
127.01 3.8246007
127.01 3.3488936
126.29 3.844348
125.58 3.7226727
125.58 3.6232576
125.58 3.642134
123.42 3.574351
123.42 3.6414316
122.71 3.4503353
122.71 4.121391
114.81 3.8816104
114.09 3.747664
114.09 3.9169133
114.09 3.5072606
113.37 3.9030955
110.5 3.5649452
109.78 3.735292
109.78 4.082942
109.79 3.312548
107.63 3.7710707
103.32 3.668872
103.32 3.8901968
102.61 3.7045684
99.02 3.8001316
99.02 3.6438656
99.02 3.2873383
98.3 3.670783
96.14 3.8853166
96.14 3.9400678
95.43 3.7566547
94.71 3.976386
94.71 4.0515423
93.99 3.6819491
85.37 3.5651255
85.37 3.7674181
85.37 3.780849
84.66 3.4579031
81.78 3.2750454
81.78 3.5317636
81.07 3.5365381
77.48 3.5715005
76.76 3.300374
76.76 3.2768493
76.76 3.3880181
76.04 3.4820757
76.04 3.2401488
75.32 3.2995894
75.32 3.4382007
75.32 2.841148
74.6 3.306173
74.61 3.1397192
73.89 3.1738923
73.17 3.302177
73.17 3.2886834
72.45 3.4946876
71.02 3.3700247
70.3 3.5821898
70.3 3.4566376
69.58 3.0372298
69.58 3.563565
68.86 3.0599265
59.53 3.4218998
59.53 3.6801755
58.81 3.7544167
58.81 3.5319264
58.81 3.4084873
56.66 3.631394
55.94 3.6432614
55.94 3.817732
55.22 3.833361
55.22 3.7507787
54.5 3.911643
54.5 3.840391
53.79 3.672907
53.07 3.789453
52.35 3.7167037
52.35 3.5296752
52.35 3.5545895
51.63 3.6248815
51.63 3.6080647
50.92 3.5473316
50.92 3.5650997
50.2 3.827938
47.33 3.997028
47.33 3.5569768
46.61 3.9578946
46.61 3.7018058
40.87 3.805386
40.87 3.9697633
40.15 3.8648443
40.15 3.8021803
32.98 3.9517221
32.98 3.6357036
32.26 3.8034394
32.26 3.4039142
31.54 3.8134794
31.54 3.824491
30.83 3.6880789
30.83 3.6775515
29.39 3.916759
29.39 3.5439525
29.39 3.6224873
29.39 3.821695
28.67 3.937889
28.67 3.5677052
25.09 3.903408
25.09 3.8102555
25.09 3.5544784
24.37 3.611653
24.37 3.751383
24.37 3.9162896
21.5 3.7793305
17.2 3.824858
17.2 4.075155
17.2 3.772428
16.48 4.0541573
8.6 3.9741273
7.88 3.8096929
7.88 3.8536944
7.88 3.933445
2.87 4.0718346
2.87 3.9329984
2.15 4.2817316
2.15 4.0750065
2.15 4.229969
1.43 4.227891
1.43 4.4347744
1.43 4.0075116
1.43 3.9600556
1.43 4.066203
