3341.31 1.4860412
3341.32 0.8904056
3340.6 1.5061084
3340.6 1.5839236
3335.58 0.99860054
3335.58 0.81343585
3320.52 0.7544267
3319.08 1.3680061
3314.06 0.7467426
3314.06 1.2411301
3313.34 1.2195349
3313.34 1.1579847
3306.17 0.6752088
3306.17 0.6998242
3287.52 0.56919694
3287.52 0.5217681
3273.9 1.1809169
3273.9 1.0343108
3273.18 0.8249725
3273.18 1.0901796
3268.16 0.944887
3267.44 0.8820376
3267.44 0.9227498
3267.45 0.49221528
3266.73 0.80335623
3263.14 1.0717359
3262.42 1.4749585
3254.54 1.0497949
3253.82 1.4315969
3253.11 1.0953925
3253.11 1.1155969
3253.11 1.2971799
3248.09 1.1267694
3248.09 0.94605035
3247.37 1.5816467
3247.37 1.284715
3246.66 1.2556902
3245.94 0.8975304
3245.94 1.3620335
3245.94 1.0397929
3219.44 1.1665534
3218.73 1.0448381
3218.73 1.171082
3218.73 1.1206429
3205.13 0.96612746
3204.41 0.65975046
3204.41 0.98259395
3204.41 0.5341086
3195.11 0.99124163
3194.39 1.2515244
3189.4 1.0803239
3189.4 1.1410397
3188.68 1.3513064
3188.68 1.0925355
3121.59 1.034121
3119.45 1.4093456
3118.74 1.0879694
3118.74 1.1795143
3118.74 1.0600986
3118.02 1.1969781
3051.5 0.88415575
3050.78 0.9277561
3050.78 0.6988598
3050.06 0.8938972
3050.06 0.93834174
3031.37 0.70802546
3031.37 0.5540291
3030.66 0.6221682
3030.65 1.2255884
3024.9 0.5902064
2978.91 0.66226834
2978.19 0.70709807
2978.19 0.49733347
2977.47 0.44729668
2955.23 1.4036584
2949.5 1.032861
2949.5 1.4756019
2949.5 0.79481053
2948.78 1.2223908
2925.89 0.65201825
2925.89 1.1656251
2925.89 1.4735724
2925.17 1.7789142
2925.17 1.3140804
2918.74 1.287019
2918.03 1.0475013
2918.03 1.0550071
2918.03 1.0228175
2917.31 1.1087369
2885.99 1.0121459
2885.28 1.515534
2885.28 1.0312067
2875.34 0.9969936
2875.34 1.0080366
2874.63 1.1540766
2848.39 1.1967968
2848.39 1.5308619
2848.39 1.371751
2847.68 1.1917286
2831.39 0.9703774
2815.8 1.0591383
2815.8 1.0717055
2815.09 0.8167695
2815.09 1.0649077
2814.38 1.0027596
2814.38 0.89383024
2814.38 1.0624272
2814.38 1.1997482
2813.67 1.2037663
2813.67 1.1228284
2760.46 1.0400231
2754.77 1.0009677
2754.77 0.7677041
2754.06 0.50497985
2754.06 0.80749327
2656.17 1.7940378
2655.45 2.1501348
2655.45 1.6079057
2655.45 1.9000049
2638.23 1.1905916
2638.23 1.6781924
2638.23 0.99771184
2637.51 1.4171251
2637.51 1.6680924
2573.49 1.3489351
2565.58 1.1773261
2564.86 0.65600836
2564.86 1.5146623
2564.86 1.0044502
2564.14 0.6798531
2540.42 0.8570298
2521.74 1.2265419
2521.74 1.2882016
2521.74 1.2341812
2521.03 1.3985169
2521.03 1.2467754
2513.85 0.923996
2513.14 1.0459263
2513.14 1.0650619
2513.14 1.3077308
2510.98 1.1547891
2510.99 0.63251257
2510.99 0.8340398
2510.99 0.7341156
2503.1 0.7865397
2503.1 0.70208323
2495.22 0.8825643
2494.5 0.9083868
2494.5 1.2123146
2490.21 1.2681432
2490.21 0.94976974
2473.76 1.4319948
2435.28 1.4454247
2434.56 1.1332608
2434.56 1.748826
2434.57 0.90378857
2433.85 1.5714666
2433.14 1.6050503
2433.14 1.3627183
2432.43 1.7173818
2432.43 1.645212
2408.92 1.5032973
2408.92 0.82635105
2408.92 1.1923113
2408.21 0.86585003
2386.11 1.043223
2386.1 1.2216368
2366.83 0.6185562
2366.83 1.1763755
2366.12 0.6113293
2366.12 1.1211315
2361.83 0.9752688
2361.12 0.39465076
2361.12 1.0783516
2361.12 0.475626
2347.54 0.722684
2347.53 1.3795305
2347.53 1.0007836
2347.53 1.1180319
2346.82 1.1755451
2346.82 1.6059289
2346.1 1.0272912
2346.1 1.0248014
2346.1 1.3321391
2345.39 1.3107929
2345.39 1.2073865
2340.4 1.3150713
2339.68 1.0091394
2339.68 1.0546412
2339.68 0.8613026
2338.96 1.1925589
2336.81 0.738901
2333.22 0.8861278
2333.22 0.9456208
2332.5 1.1548101
2332.5 0.8592912
2314.54 1.3939291
2313.82 0.9931717
2313.82 1.4658097
2313.1 1.0694681
2310.22 1.064358
2296.56 0.46717507
2296.56 0.62804806
2296.56 0.522698
2295.84 0.63448644
2285.05 1.31108
2285.05 1.5832236
2282.89 1.7005771
2282.17 1.5142498
2282.17 1.3212574
2282.17 1.4126974
2280.02 1.3760313
2279.3 1.311844
2279.3 1.2218455
2279.3 1.2682437
2278.58 0.74593556
2278.58 1.3781828
2272.83 0.6244014
2272.83 0.9382241
2272.82 1.5558076
2272.83 1.0185367
2249.82 1.3923813
2245.51 0.94478005
2245.51 0.71934015
2244.79 0.52655774
2244.79 0.5366001
2223.25 1.1505039
2218.95 1.2626947
2218.95 1.3116075
2218.23 1.0914319
2218.23 1.0011151
2218.23 1.1866322
2217.51 1.2863222
2205.33 1.1579025
2205.33 1.2369695
2204.61 1.3243759
2204.62 0.89074385
2202.47 0.94228226
2169.61 1.1997699
2169.62 0.63429314
2168.9 0.8236348
2168.9 0.8238756
2166.76 1.3468009
2166.76 0.9165932
2155.37 0.5360876
2155.37 1.0781116
2154.66 0.8806649
2154.66 1.2260451
2151.81 0.9027438
2151.81 1.139068
2151.81 1.0970204
2151.1 1.1064441
2150.39 0.92594683
2150.39 1.0186878
2143.28 0.45015797
2143.27 0.9296249
2142.56 0.7672978
2142.56 1.020525
2097.82 1.1968845
2097.11 1.5270046
2097.11 0.9431348
2097.11 1.1311208
2079.37 0.768709
2078.66 0.6120907
2078.66 1.0712638
2078.66 1.1994042
2077.95 0.5818692
2077.24 0.7918313
2076.53 0.9660954
2072.99 0.9106361
2072.99 0.8927743
2068.73 1.1836208
2068.02 1.0465597
2068.02 1.2651782
2068.02 1.1884545
2049.57 1.034323
2049.57 1.059053
2048.86 0.90562606
2039.63 1.8701634
2038.93 1.5143961
2038.92 1.92183
2038.92 1.889761
2038.21 2.0160997
2038.21 2.024662
2037.51 1.674111
2037.51 1.8906294
2036.8 1.0654293
2036.8 1.5336689
2036.8 1.2469814
1994.15 0.7478232
1994.15 1.1125162
1994.15 1.2813816
1993.44 0.9911546
1987.03 1.0264789
1986.31 1.1467837
1986.31 1.2333745
1986.31 1.0390732
1985.6 1.1314868
1981.32 1.1859027
1980.61 0.9547893
1980.61 1.2553735
1979.9 1.3546405
1979.9 1.1960654
1966.33 1.5920933
1941.29 0.4814416
1931.25 1.1864972
1906.1 0.5011436
1901.05 0.96682143
1897.44 1.2601622
1882.27 0.98283505
1882.27 1.0963981
1881.55 1.1819674
1880.83 1.2985541
1880.83 0.88917357
1880.83 0.8093009
1850.47 1.1422026
1850.47 0.8618374
1849.75 1.0084797
1841.79 1.67198
1841.8 0.8863455
1841.07 1.078668
1832.4 1.743234
1832.41 1.0354759
1831.68 1.5649853
1831.68 1.489402
1801.38 0.9286766
1763.99 1.1599897
1657.19 0.6073514
1635.16 0.79955834
1635.16 0.7210608
1634.45 0.8843537
1625.21 1.6507683
1612.41 0.97497696
1612.4 1.5802705
1612.4 1.4495128
1612.4 1.5029674
1608.13 1.4312449
1581.05 1.2401206
1571.06 1.407195
1543.92 0.2434456
1543.2 0.86249256
1543.21 0.5767303
1543.21 0.6444349
1542.49 0.6298501
1533.91 1.0354229
1523.88 1.697268
1522.45 1.2612972
1512.43 1.3470591
1500.97 1.1773411
1500.97 1.2146224
1500.97 1.1315689
1500.25 0.9767902
1497.38 1.1470524
1497.38 1.2229759
1496.67 1.0739609
1495.95 1.2610573
1495.23 1.2286323
1495.23 1.1999772
1494.52 0.89277387
1494.52 0.77093387
1483.06 0.8242465
1483.06 1.2447808
1482.34 1.4414061
1482.35 0.72522295
1460.07 0.60327613
1460.07 0.5672133
1460.07 1.1831529
1460.07 0.5610846
1459.35 0.8116144
1437.8 0.81059027
1437.08 1.2269502
1437.08 1.1090682
1436.36 1.2219963
1435.64 1.1464331
1435.64 1.3184457
1435.64 0.81552523
1435.64 1.2535713
1435.64 1.1326628
1431.34 0.964485
1427.75 0.64424574
1427.75 1.0118628
1427.75 0.99201113
1427.03 0.9700381
1424.16 0.6760328
1423.44 0.9874712
1423.44 1.0274104
1423.44 0.8701833
1404.09 1.524364
1404.09 0.6887677
1403.37 1.210683
1403.37 1.6199489
1403.37 1.0798923
1402.66 1.087328
1402.66 0.8568022
1361.93 0.9646129
1361.22 1.1636654
1360.5 1.3190625
1360.51 1.1681374
1344.84 0.74691665
1329.21 1.2356143
1329.21 1.4687387
1322.85 1.8675597
1322.14 1.3478564
1319.31 1.2550852
1318.61 1.323013
1318.61 1.2908119
1318.61 1.1787243
1292.46 1.7013631
1283.98 1.3777183
1283.27 1.1710804
1283.27 0.942024
1282.57 0.98162967
1275.49 1.0055686
1274.78 1.6256251
1274.78 1.1741453
1274.78 1.4726427
1274.08 1.3898379
1274.08 1.3088479
1274.08 1.4507585
1273.37 1.610023
1262.75 1.0370194
1262.75 1.2374945
1262.75 1.4683905
1262.04 0.9081178
1262.04 0.83631647
1254.95 1.4626364
1219.41 0.8022566
1218.69 1.1713724
1217.98 1.537251
1217.98 1.484936
1192.97 1.556268
1192.97 1.4915739
1192.97 1.6931899
1192.25 1.4790069
1191.53 1.8193731
1191.53 1.5842909
1162.65 0.8649694
1162.65 1.1380653
1154.69 1.2716731
1154.69 1.1069014
1153.97 1.1888772
1153.97 1.288641
1117.05 0.92157817
1115.6 0.8147607
1114.88 0.867247
1114.88 0.9067806
1079.48 1.0534252
1079.48 1.0264623
1079.48 0.91500425
1078.76 0.9886093
1053.54 1.3471596
1052.82 1.6641433
1052.82 1.3703156
1052.82 1.2083138
1052.82 1.1284722
1009.36 1.0426399
1000.84 0.81748086
982.39 1.0244682
981.68 1.2017894
980.97 1.1179199
980.97 1.3985896
980.27 0.9487196
980.26 1.232668
979.56 1.1664183
979.56 1.1356516
956.87 0.90859586
956.87 0.8697196
956.16 0.62790066
956.16 1.3260388
955.45 1.0006896
955.45 1.1565847
954.74 1.0452735
951.2 1.129363
951.2 1.1335951
944.82 1.1738511
862.22 1.3599821
845.05 1.0974401
835.03 1.1079434
835.03 0.87888724
835.03 1.1533201
835.03 1.0186695
827.16 1.0498037
826.44 0.89967394
826.44 0.54995733
759.14 0.5791194
750.56 0.7317792
750.56 1.4612824
750.56 0.94520503
749.85 0.8779367
741.27 1.2159953
740.56 1.4120957
740.56 1.8402858
740.56 1.5627751
734.84 1.5941917
734.13 1.9404068
734.13 1.2610339
734.13 1.0313259
734.13 1.6183006
733.41 1.9675403
733.41 1.6701887
716.27 1.329672
706.28 1.021741
706.28 1.1134745
705.56 0.80465424
697.71 1.1790503
697.71 0.766376
697.71 0.7425107
696.99 0.69271886
675.57 1.6945202
674.86 1.2481205
674.85 1.641129
674.85 1.570818
630.57 1.2465897
630.57 1.1133199
630.57 1.3617783
629.86 1.024529
629.86 0.8334762
626.29 1.2497735
616.28 1.5708575
616.28 1.3692412
615.56 1.9085145
615.56 1.5990522
607.7 1.3177426
601.26 0.8362613
600.55 0.65792847
600.54 1.0580434
599.83 1.0278653
595.54 1.068237
595.54 0.7247857
571.92 1.5090313
571.92 1.1620005
571.21 1.2123203
571.21 1.2730954
567.63 1.1893867
566.92 1.1356484
566.92 1.2521963
566.91 1.3190025
536.86 1.1894597
536.14 1.2124764
536.14 0.8212504
515.38 1.4966501
515.38 1.4080905
514.67 0.93265325
514.67 0.889268
508.23 0.9577256
508.23 0.86970085
508.23 1.05718
507.51 0.93942326
498.92 1.1379486
498.21 1.2310317
498.21 1.0456109
498.21 1.1427037
497.49 1.3043098
497.49 1.2457817
496.78 1.2032067
496.78 1.1863031
496.06 1.2895926
496.06 1.2387072
483.18 0.82071906
482.46 0.6432135
482.46 1.4517883
474.59 1.2581662
474.59 1.2847843
474.59 1.1633137
473.88 1.2122489
473.88 1.231817
468.16 1.0236616
455.28 1.4259301
450.28 1.1041977
450.28 1.0751191
450.28 1.1924044
449.56 1.053913
449.56 1.4395111
449.56 1.540071
445.99 0.9591501
445.99 1.1560051
445.27 1.1336104
445.27 1.0740613
438.83 1.3812344
438.83 1.3773572
438.12 1.7934346
438.12 1.4127252
438.12 1.3405411
438.12 1.0364796
437.4 1.4339523
436.69 1.9282193
436.69 1.4866426
436.69 1.4827404
436.69 1.4589186
422.39 1.4020927
422.39 1.3876832
421.67 1.4580767
421.67 1.333581
421.67 1.2349188
420.24 1.2750235
420.24 1.4800007
419.53 1.0912716
419.53 1.3647504
419.53 1.4473248
408.09 0.9375062
398.79 0.8563118
398.79 1.0642601
398.79 0.24711421
398.08 0.94582796
398.08 1.0022508
395.93 0.9311651
395.93 1.2168033
395.22 0.81281424
395.22 1.229739
395.22 1.1786547
395.22 0.8697007
395.22 0.8370087
393.79 0.5925925
393.79 0.9400002
393.79 1.1116103
393.07 0.7394339
391.64 1.0614281
390.93 0.60743487
390.93 0.5773097
390.21 1.0692018
385.92 1.203965
385.21 1.1180656
385.21 0.71727276
384.49 0.69206536
384.49 0.93192995
379.49 1.0731828
378.77 0.80111897
343.74 0.9941528
338.02 1.143756
338.02 1.1403812
337.3 1.8008269
337.31 1.1709054
330.87 1.3592358
314.43 0.86456263
314.43 0.79612947
313.71 1.0210215
312.99 1.1263181
312.28 0.9854071
312.28 0.92497075
312.28 1.1048735
307.27 0.96610975
295.12 1.4840608
295.12 1.2998452
294.4 1.3177991
294.4 1.4869255
288.68 1.2665582
287.96 1.8852819
287.97 1.5072156
287.97 1.5763178
287.25 1.4089682
282.96 1.486939
282.96 1.2003237
282.25 1.7980487
282.25 1.3972766
274.38 1.2911792
264.38 1.4381516
263.66 1.530622
263.66 1.2056234
263.66 0.88352716
261.52 1.3189776
261.52 1.2072163
260.8 1.1854045
260.8 1.3419561
250.08 1.2290254
249.36 1.5841411
249.37 1.1022235
227.21 1.1805668
227.21 1.0445924
206.49 1.039207
206.49 1.3927653
205.78 0.9104182
205.78 1.16993
189.35 0.8178179
188.63 0.9782975
188.64 0.9013418
187.92 0.7048199
187.92 0.95427597
171.5 0.8766015
170.78 1.0477133
170.78 1.062259
142.22 1.5890449
141.5 1.4760709
141.5 1.4177276
140.79 1.365047
140.79 1.4597453
126.51 1.7500304
126.51 1.208872
125.79 1.152193
125.08 1.3844354
125.08 1.4229137
124.36 1.2633213
124.36 1.3210955
107.94 0.62422264
107.94 0.70704937
107.23 1.0402212
107.23 0.6431345
105.09 0.52764636
95.8 0.6769058
95.8 0.6255153
95.08 1.1183447
95.08 1.0006368
95.08 1.1804221
94.37 0.6265213
77.22 1.27924
76.51 0.63621455
76.51 1.3871647
76.51 1.3717844
73.65 1.2689756
72.93 1.4029332
72.93 1.2886511
72.22 1.4678415
72.22 1.1671071
71.5 1.5705534
70.79 1.453423
70.08 1.4023542
70.08 1.3447591
69.36 1.3299954
69.36 1.2567796
65.79 1.2456168
55.06 1.7775179
55.07 1.0901407
54.35 1.3348558
54.35 1.5226202
38.63 1.0071688
30.05 1.0798827
30.05 0.9489337
29.33 1.0168192
29.33 0.9144888
28.62 0.82152927
2.15 1.650227
2.15 1.2708545
1.43 1.7129068
3341.31 1.4860412
3341.32 0.8904056
3340.6 1.5061084
3340.6 1.5839236
3336.3 0.60074687
3335.58 0.99860054
3335.58 0.81343585
3334.86 0.9944821
3321.23 1.0801256
3321.23 1.3819059
3320.52 0.7544267
3319.8 0.96023864
3319.08 1.3680061
3318.37 1.2087305
3318.37 1.0976834
3314.06 0.7467426
3314.06 1.2411301
3313.34 1.2195349
3313.34 1.1579847
3311.19 1.1657856
3306.89 1.0666411
3306.17 0.6752088
3306.17 0.6998242
3305.46 0.8157518
3299.0 1.0829456
3298.28 0.46771836
3298.28 0.47745872
3288.24 0.28197587
3287.52 1.5189232
3287.52 0.56919694
3287.52 0.5217681
3283.94 1.0991999
3281.78 0.9863149
3273.9 1.1809169
3273.9 1.0343108
3273.18 0.8249725
3273.18 1.0901796
3268.16 0.944887
3267.44 0.8820376
3267.44 0.9227498
3267.45 0.49221528
3266.73 0.80335623
3263.14 1.0717359
3263.14 1.5288012
3262.42 1.4749585
3255.26 1.0523015
3255.26 1.2753851
3254.54 1.0497949
3253.82 1.4315969
3253.11 1.0953925
3253.11 1.1155969
3253.11 1.2971799
3248.09 1.1267694
3248.09 0.94605035
3247.37 1.5816467
3247.37 1.284715
3246.66 1.2556902
3245.94 0.8975304
3245.94 1.3620335
3245.94 1.0397929
3239.49 0.84193414
3238.78 1.0943159
3238.78 0.848691
3234.48 1.2358102
3234.48 0.3844593
3233.76 1.0143101
3225.89 0.6699183
3225.89 0.6643389
3225.89 0.65230817
3220.16 1.0126166
3220.16 0.9472929
3219.44 1.1665534
3218.73 1.0448381
3218.73 1.171082
3218.73 1.1206429
3214.43 1.3176312
3214.43 0.9435372
3213.72 0.9788361
3206.56 0.8383002
3205.85 0.5813435
3205.13 0.96612746
3204.41 0.65975046
3204.41 0.98259395
3204.41 0.5341086
3195.11 0.99124163
3195.1 1.3898549
3194.39 1.2515244
3194.39 0.51617736
3189.4 1.0803239
3189.4 1.1410397
3188.68 1.3513064
3188.68 1.0925355
3187.25 1.0837024
3187.25 0.9747208
3187.25 0.9764491
3158.71 1.1153315
3158.0 1.0788689
3121.59 1.034121
3120.88 0.9234523
3120.88 0.84661984
3119.45 1.4093456
3118.74 1.0879694
3118.74 1.1795143
3118.74 1.0600986
3118.02 1.1969781
3112.31 1.0320511
3112.3 1.9654598
3111.59 1.5943668
3108.73 1.9154494
3108.02 1.7906606
3097.3 0.5656922
3096.59 0.7326314
3096.59 0.4904392
3085.14 1.109953
3079.42 1.2624527
3078.7 1.009802
3078.7 0.9442361
3052.22 1.1423006
3051.5 0.88415575
3050.78 0.9277561
3050.78 0.6988598
3050.06 0.8938972
3050.06 0.93834174
3031.37 0.70802546
3031.37 0.5540291
3030.66 0.6221682
3030.65 1.2255884
3025.62 0.6441678
3024.9 0.5902064
3024.18 0.8279717
3024.18 0.78109443
3016.27 1.0788387
3015.55 1.4376588
3014.83 1.4720031
2985.37 0.7569793
2984.65 1.0978805
2984.65 0.841667
2978.91 0.66226834
2978.19 0.70709807
2978.19 0.49733347
2977.47 0.44729668
2959.53 1.4308372
2959.53 1.5146551
2959.53 1.6067955
2955.23 1.4036584
2954.52 1.3041382
2954.51 1.4355503
2949.5 1.032861
2949.5 1.4756019
2949.5 0.79481053
2948.78 1.2223908
2932.32 0.6452835
2932.32 1.1016297
2931.61 0.6979582
2925.89 0.65201825
2925.89 1.1656251
2925.89 1.4735724
2925.17 1.7789142
2925.17 1.3140804
2918.74 1.287019
2918.03 1.0475013
2918.03 1.0550071
2918.03 1.0228175
2917.31 1.1087369
2913.02 0.7443141
2913.01 1.2564081
2912.3 1.0488448
2906.61 1.2586079
2906.61 0.5708986
2905.9 1.0237111
2890.25 1.4146152
2889.54 1.047972
2886.7 1.2703714
2886.7 1.3861214
2885.99 1.0121459
2885.28 1.515534
2885.28 1.0312067
2884.57 1.1593299
2876.05 1.2266107
2875.34 0.9969936
2875.34 1.0080366
2874.63 1.1540766
2866.12 0.69076484
2866.12 0.7615707
2866.12 1.1052783
2848.39 1.1967968
2848.39 1.5308619
2848.39 1.371751
2847.68 1.1917286
2832.1 0.84621096
2832.09 1.1051668
2831.39 0.9703774
2815.8 1.0591383
2815.8 1.0717055
2815.09 0.8167695
2815.09 1.0649077
2814.38 1.0027596
2814.38 0.89383024
2814.38 1.0624272
2814.38 1.1997482
2813.67 1.2037663
2813.67 1.1228284
2810.13 1.2369925
2809.42 1.1670947
2808.71 0.9509683
2808.0 1.425216
2790.99 1.0593315
2790.99 0.78712416
2790.28 0.7499342
2776.8 1.1757525
2776.09 1.2195187
2765.44 0.9950286
2764.72 0.9051657
2760.46 1.0400231
2759.75 0.69997317
2759.75 1.2105983
2754.77 1.0009677
2754.77 0.7677041
2754.06 0.50497985
2754.06 0.80749327
2751.21 1.122008
2746.94 0.9950636
2746.23 1.0991757
2745.51 1.2645198
2736.26 1.0905514
2730.55 1.6162252
2729.84 1.0683435
2700.57 1.0501875
2700.57 1.4311702
2699.85 1.45971
2686.27 1.0693098
2685.55 1.2157602
2685.55 1.2516606
2682.69 0.6888906
2682.69 1.3236332
2682.69 0.9648627
2666.21 0.889907
2658.33 1.0181031
2658.32 1.3091508
2658.33 0.7300551
2656.17 1.7940378
2655.45 2.1501348
2655.45 1.6079057
2655.45 1.9000049
2638.23 1.1905916
2638.23 1.6781924
2638.23 0.99771184
2637.51 1.4171251
2637.51 1.6680924
2631.77 1.0604266
2631.77 1.2354317
2631.77 0.89483815
2628.91 1.1240585
2628.91 1.0680244
2628.19 1.0023797
2613.8 1.1818753
2613.08 1.023387
2574.21 1.5944115
2573.49 1.3489351
2572.77 1.672636
2572.77 1.9445531
2565.58 1.1773261
2564.86 0.65600836
2564.86 1.5146623
2564.86 1.0044502
2564.14 0.6798531
2563.42 1.0332223
2554.79 0.792261
2554.07 0.6728748
2554.07 0.41848686
2541.14 0.565892
2541.14 0.76396674
2540.42 0.8570298
2536.11 0.9734857
2531.79 1.2150999
2531.8 1.1747702
2531.08 1.0576358
2521.74 1.2265419
2521.74 1.2882016
2521.74 1.2341812
2521.03 1.3985169
2521.03 1.2467754
2520.31 1.437407
2513.85 0.923996
2513.14 1.0459263
2513.14 1.0650619
2513.14 1.3077308
2510.98 1.1547891
2510.99 0.63251257
2510.99 0.8340398
2510.99 0.7341156
2508.83 0.96561515
2503.1 0.7865397
2503.1 0.70208323
2503.1 0.6135285
2502.38 1.3841097
2500.23 0.8674797
2499.52 0.6341361
2498.8 0.5616572
2498.09 0.7736784
2495.22 0.8825643
2494.5 0.9083868
2494.5 1.2123146
2493.79 0.9822856
2490.21 1.2681432
2490.21 0.27550325
2490.21 0.94976974
2489.49 1.2164053
2474.47 1.6277828
2474.47 1.2058733
2473.76 1.4319948
2470.19 1.3895574
2470.19 1.1696551
2469.48 0.8515107
2461.64 1.3683617
2460.92 0.9686391
2460.92 1.0917969
2449.52 0.86808646
2448.81 1.0555423
2440.26 1.1270311
2435.99 1.600745
2435.99 1.3423792
2435.28 1.4454247
2434.56 1.1332608
2434.56 1.748826
2434.57 0.90378857
2433.85 1.5714666
2433.14 1.6050503
2433.14 1.3627183
2432.43 1.7173818
2432.43 1.645212
2431.71 1.5032368
2428.86 1.4079862
2428.15 1.2674224
2422.46 0.93541217
2408.92 1.5032973
2408.92 0.82635105
2408.92 1.1923113
2408.21 0.4079709
2408.21 0.86585003
2406.78 1.2442315
2406.78 1.6321079
2406.07 1.4025508
2401.08 1.5659997
2400.36 1.884354
2397.51 1.8150961
2386.82 1.0167843
2386.11 1.043223
2386.1 1.2216368
2385.39 1.0967671
2366.83 0.6185562
2366.83 1.1763755
2366.12 0.6113293
2366.12 1.1211315
2362.55 0.9026117
2361.83 0.9752688
2361.12 0.39465076
2361.12 1.0783516
2361.12 0.475626
2353.26 0.4463635
2353.26 0.7957228
2352.54 0.8265099
2347.54 0.722684
2347.53 1.3795305
2347.53 1.0007836
2347.53 1.1180319
2346.82 1.1755451
2346.82 1.6059289
2346.1 1.0272912
2346.1 1.0248014
2346.1 1.3321391
2345.39 1.3107929
2345.39 1.2073865
2344.7 1.3007098
2340.4 1.3150713
2339.68 1.0091394
2339.68 1.0546412
2339.68 0.8613026
2338.96 1.1925589
2337.53 1.2681876
2337.53 0.6311655
2336.81 0.738901
2333.22 0.8861278
2333.22 0.9456208
2332.5 1.1548101
2332.5 0.8592912
2328.91 1.4096571
2315.25 1.6056213
2315.25 1.6538035
2314.54 1.3939291
2313.82 0.9931717
2313.82 1.4658097
2313.1 1.0694681
2310.23 0.9020526
2310.22 1.064358
2309.51 0.5802161
2300.88 0.19949172
2300.88 0.56698424
2300.88 1.0359694
2296.56 0.46717507
2296.56 0.62804806
2296.56 0.522698
2295.84 0.63448644
2285.77 1.6013355
2285.05 1.31108
2285.05 1.5832236
2284.33 1.6780162
2282.89 1.7005771
2282.17 1.5142498
2282.17 1.3212574
2282.17 1.4126974
2280.02 1.3760313
2279.3 1.311844
2279.3 1.2218455
2279.3 1.2682437
2278.58 0.74593556
2278.58 1.3781828
2272.83 0.6244014
2272.83 0.9382241
2272.82 1.5558076
2272.83 1.0185367
2256.29 1.6783144
2255.57 1.2653744
2254.85 1.8397648
2249.82 1.3923813
2249.1 1.460442
2245.51 0.94478005
2245.51 0.71934015
2244.79 0.52655774
2244.79 0.5366001
2243.35 0.4747674
2243.36 0.35231236
2242.64 0.75290906
2231.14 1.4450285
2223.97 1.2331153
2223.25 1.1505039
2222.53 1.3702506
2222.53 1.4484259
2218.95 1.2626947
2218.95 1.3116075
2218.23 1.0914319
2218.23 1.0011151
2218.23 1.1866322
2217.51 1.2863222
2216.08 1.4194821
2216.08 1.4210409
2216.08 1.1434822
2205.33 1.1579025
2205.33 1.2369695
2204.61 1.3243759
2204.62 0.89074385
2202.47 0.94228226
2201.75 1.049823
2201.75 1.0193558
2182.45 0.4960098
2169.61 1.1997699
2169.62 0.63429314
2168.9 0.8236348
2168.9 0.8238756
2167.47 1.3137683
2166.76 1.3468009
2166.76 0.9165932
2166.05 1.2062342
2158.21 1.5070683
2157.5 1.5403404
2157.5 1.4702467
2155.37 0.5360876
2155.37 1.0781116
2154.66 0.8806649
2154.66 1.2260451
2151.81 0.9027438
2151.81 1.139068
2151.81 1.0970204
2151.1 1.1064441
2150.39 0.92594683
2150.39 1.0186878
2149.68 0.9691688
2143.28 0.45015797
2143.27 0.9296249
2142.56 0.7672978
2142.56 1.020525
2097.82 1.1968845
2097.11 1.5270046
2097.11 0.9431348
2097.11 1.1311208
2088.59 0.8721173
2088.59 1.1816139
2088.6 0.7649355
2079.37 0.768709
2078.66 0.6120907
2078.66 1.0712638
2078.66 1.1994042
2077.95 0.5818692
2077.24 0.7918313
2076.53 0.9660954
2076.53 1.1079404
2073.7 0.80240715
2072.99 0.9106361
2072.99 0.8927743
2072.28 1.3573534
2069.44 1.0950758
2069.44 1.0200558
2068.73 1.1836208
2068.02 1.0465597
2068.02 1.2651782
2068.02 1.1884545
2053.12 0.62721616
2052.41 1.004716
2052.41 0.5434488
2050.28 0.6643522
2049.57 1.034323
2049.57 1.059053
2048.86 0.90562606
2046.02 1.0576711
2045.31 0.828902
2045.31 1.4771746
2039.63 1.8701634
2038.93 1.5143961
2038.92 1.92183
2038.92 1.889761
2038.21 2.0160997
2038.21 2.024662
2037.51 1.674111
2037.51 1.8906294
2036.8 1.0654293
2036.8 1.5336689
2036.8 1.2469814
2034.67 1.1084578
2031.83 0.69549936
2031.12 1.2068052
2031.12 0.7724124
2026.86 1.0378195
2021.89 0.6374844
2007.67 1.2316827
2007.67 1.2113491
2006.96 0.7144209
1994.15 0.7478232
1994.15 1.1125162
1994.15 1.2813816
1993.44 0.9911546
1987.03 1.0264789
1986.31 1.1467837
1986.31 1.2333745
1986.31 1.0390732
1985.6 1.1314868
1983.46 1.2560346
1982.75 1.7942165
1982.04 1.4188119
1981.32 1.1859027
1980.61 0.9547893
1980.61 1.2553735
1979.9 1.3546405
1979.9 1.1960654
1969.9 1.763764
1969.19 1.4742845
1967.04 1.6395473
1967.04 1.8058543
1966.33 1.5920933
1951.32 0.6441146
1951.32 0.5232159
1950.6 0.63382006
1945.59 1.0386897
1945.59 0.63369465
1944.87 0.73310614
1942.01 0.6379279
1942.0 1.0677432
1941.29 0.4814416
1931.25 1.1864972
1930.53 1.0858567
1930.53 1.1134926
1924.07 0.8724179
1923.35 0.9516474
1906.82 1.0591142
1906.82 0.9447583
1906.1 0.5011436
1901.05 0.96682143
1900.33 1.0224657
1900.33 0.9466133
1898.16 1.2788916
1897.44 1.2601622
1896.72 0.7301741
1896.72 0.57829505
1885.16 0.8937051
1882.99 1.3324369
1882.27 0.98283505
1882.27 1.0963981
1881.55 1.1819674
1880.83 1.2985541
1880.83 0.88917357
1880.83 0.8093009
1851.19 1.2629825
1850.47 1.1422026
1850.47 0.8618374
1849.75 1.0084797
1842.52 1.3183318
1841.79 1.67198
1841.8 0.8863455
1841.07 1.078668
1836.74 1.2876025
1836.74 1.262746
1836.02 0.8404493
1833.13 1.74832
1832.4 1.743234
1832.41 1.0354759
1831.68 1.5649853
1831.68 1.489402
1828.07 1.705291
1827.35 1.2958905
1826.63 1.1793716
1819.41 1.8795013
1818.69 1.5447031
1818.69 1.7951274
1814.36 1.1592104
1814.36 1.021055
1813.64 1.4310197
1802.83 0.9928247
1802.11 0.42101613
1801.38 0.9286766
1800.66 0.93033683
1800.66 1.0233897
1797.06 0.74324095
1790.58 1.1422004
1789.86 1.3006562
1779.08 1.5143133
1775.48 1.5043653
1764.71 0.88622963
1764.71 1.1603683
1763.99 1.1599897
1703.38 1.1427538
1702.67 1.0999129
1702.67 1.259548
1690.58 1.424873
1690.58 1.1045556
1690.59 0.7069838
1682.77 0.85274315
1679.93 0.9096013
1679.93 1.0434917
1679.22 0.8368997
1672.11 0.50560457
1672.11 0.8605197
1671.4 1.0082862
1657.9 1.1649082
1657.9 0.5562955
1657.19 0.6073514
1656.48 0.9185676
1655.77 1.0201489
1648.66 1.2390119
1647.95 1.2214056
1635.87 1.1450205
1635.16 0.79955834
1635.16 0.7210608
1634.45 0.8843537
1633.74 1.5114784
1633.03 0.9253716
1625.93 0.95693904
1625.92 1.5965029
1625.21 1.6507683
1624.5 1.8937533
1624.5 1.4674121
1621.65 1.7539072
1620.94 1.698688
1620.94 1.357929
1612.41 0.97497696
1612.4 1.5802705
1612.4 1.4495128
1612.4 1.5029674
1608.84 1.2793287
1608.84 1.6177225
1608.13 1.4312449
1588.18 1.2900609
1583.91 0.9855857
1583.91 1.193621
1583.9 1.3495597
1581.77 1.3890018
1581.06 0.45442858
1581.05 1.2401206
1581.06 0.48807946
1573.21 1.1273193
1572.49 1.6775492
1571.78 1.0306023
1571.06 1.407195
1570.35 1.202088
1570.35 1.0504085
1565.35 1.2469766
1562.5 1.5675645
1562.5 1.3089539
1562.5 1.2776866
1558.21 1.6128845
1558.21 1.4559556
1557.5 1.2069203
1543.92 0.2434456
1543.2 0.86249256
1543.21 0.5767303
1543.21 0.6444349
1542.49 0.6298501
1541.06 0.81302303
1541.06 0.69597876
1540.34 0.7800041
1538.2 0.67959976
1537.48 0.59833795
1537.48 0.9449564
1534.62 0.9414269
1534.62 0.9743403
1533.91 1.0354229
1533.19 1.3006164
1524.6 1.7988642
1524.6 1.5271494
1523.88 1.697268
1523.17 1.0733633
1522.45 1.2612972
1521.74 1.444461
1521.74 1.8286103
1513.14 1.9412193
1513.14 1.8457549
1512.43 1.3470591
1511.71 1.0760816
1511.71 1.0984032
1503.84 0.57319844
1500.97 1.1773411
1500.97 1.2146224
1500.97 1.1315689
1500.25 0.9767902
1498.1 0.99426794
1497.38 1.1470524
1497.38 1.2229759
1496.67 1.0739609
1495.95 1.2610573
1495.23 1.2286323
1495.23 1.1999772
1494.52 0.89277387
1494.52 0.77093387
1485.22 1.2188025
1485.22 1.413178
1484.5 0.95404184
1483.06 0.8242465
1483.06 1.2447808
1482.34 1.4414061
1482.35 0.72522295
1481.63 1.178305
1467.97 1.2821416
1460.07 0.60327613
1460.07 0.5672133
1460.07 1.1831529
1460.07 0.5610846
1459.35 0.8116144
1458.63 0.67842543
1458.63 1.0472999
1437.8 0.81059027
1437.08 1.2269502
1437.08 1.1090682
1436.36 1.2219963
1435.64 1.1464331
1435.64 1.3184457
1435.64 0.81552523
1435.64 1.2535713
1435.64 1.1326628
1431.34 0.964485
1430.62 1.0236032
1430.62 1.023267
1427.75 0.64424574
1427.75 1.0118628
1427.75 0.99201113
1427.03 0.9700381
1424.16 0.6760328
1423.44 0.9874712
1423.44 1.0274104
1423.44 0.8701833
1411.97 1.0828673
1411.97 1.8340877
1411.25 1.7308023
1408.39 1.162838
1408.39 1.1351377
1408.39 0.89106673
1404.8 1.2426565
1404.09 1.524364
1404.09 0.6887677
1403.37 1.210683
1403.37 1.6199489
1403.37 1.0798923
1402.66 1.087328
1402.66 0.8568022
1397.65 0.86185706
1383.34 1.0781004
1383.34 0.9359811
1382.63 1.0572174
1362.64 1.1995227
1362.64 1.6304893
1361.93 0.9646129
1361.22 1.1636654
1360.5 1.3190625
1360.51 1.1681374
1359.79 1.2814275
1353.38 1.2846501
1352.67 0.92641777
1352.67 1.2272727
1345.55 0.6799243
1345.55 0.8525416
1344.84 0.74691665
1329.92 1.5422493
1329.21 1.2356143
1329.21 1.4687387
1328.51 1.2116791
1323.56 1.2630521
1323.55 1.5068538
1322.85 1.8675597
1322.14 1.3478564
1321.43 1.5698173
1321.44 1.1473769
1319.31 1.2550852
1318.61 1.323013
1318.61 1.2908119
1318.61 1.1787243
1316.49 0.9708802
1310.83 1.6638029
1293.17 1.1578777
1293.17 1.3497841
1292.46 1.7013631
1283.98 1.3777183
1283.27 1.1710804
1283.27 0.942024
1282.57 0.98162967
1281.86 1.4957533
1275.49 1.0055686
1274.78 1.6256251
1274.78 1.1741453
1274.78 1.4726427
1274.08 1.3898379
1274.08 1.3088479
1274.08 1.4507585
1273.37 1.610023
1272.66 1.2176532
1272.66 1.4473943
1262.75 1.0370194
1262.75 1.2374945
1262.75 1.4683905
1262.04 0.9081178
1262.04 0.83631647
1259.91 1.5250894
1259.21 1.3137814
1259.21 1.1424643
1254.95 1.4626364
1254.24 1.0562943
1254.25 0.7504823
1228.67 0.59862906
1223.68 1.1023111
1220.12 1.147679
1220.12 1.1521909
1219.41 0.8022566
1218.69 1.1713724
1217.98 1.537251
1217.98 1.484936
1217.26 1.5612252
1214.41 1.4935116
1207.98 1.6038969
1207.27 1.632175
1207.27 1.6432722
1199.45 1.3989445
1199.45 1.9398818
1198.73 1.485492
1192.97 1.556268
1192.97 1.4915739
1192.97 1.6931899
1192.25 1.4790069
1191.53 1.8193731
1191.53 1.5842909
1190.81 1.4361454
1185.76 1.0780773
1185.76 1.4453723
1185.76 1.581773
1172.04 0.9946299
1171.32 1.1334404
1164.82 1.060587
1164.82 1.230642
1164.82 1.3013206
1163.37 1.3226944
1162.65 0.8649694
1162.65 1.1380653
1161.92 1.1140618
1155.41 1.3220719
1154.69 1.2716731
1154.69 1.1069014
1153.97 1.1888772
1153.97 1.288641
1147.45 1.1986147
1123.56 1.5211982
1122.84 1.0975051
1117.77 0.61894524
1117.77 0.7803688
1117.05 0.92157817
1116.33 0.8904319
1115.6 0.8147607
1114.88 0.867247
1114.88 0.9067806
1114.16 0.90257657
1109.82 0.66433394
1109.09 0.83363533
1109.09 0.8449502
1107.65 0.7143457
1106.92 0.9387555
1106.92 0.7911612
1102.58 0.82499063
1079.48 1.0534252
1079.48 1.0264623
1079.48 0.91500425
1078.76 0.9886093
1067.95 0.71230674
1063.63 1.5018982
1063.64 0.68033826
1062.92 0.842833
1053.54 1.3471596
1052.82 1.6641433
1052.82 1.3703156
1052.82 1.2083138
1052.82 1.1284722
1021.45 1.4351634
1021.45 1.4659617
1020.74 1.3472601
1009.36 1.0426399
1008.65 1.3656911
1008.65 0.8496171
1000.84 0.81748086
1000.13 0.8026402
1000.13 0.73138833
983.1 1.5697987
983.1 1.2429831
982.39 1.0244682
981.68 1.2017894
980.97 1.1179199
980.97 1.3985896
980.27 0.9487196
980.26 1.232668
979.56 1.1664183
979.56 1.1356516
976.72 1.0649374
976.01 1.0357724
976.01 1.2340741
956.87 0.90859586
956.87 0.8697196
956.16 0.62790066
956.16 1.3260388
955.45 1.0006896
955.45 1.1565847
954.74 1.0452735
954.03 1.5520481
951.91 1.0853384
951.2 1.129363
951.2 1.1335951
950.49 1.6133742
945.52 1.1427972
945.52 1.6111721
944.82 1.1738511
932.05 1.1924179
928.5 1.2755483
928.5 1.180665
927.79 0.9549188
917.14 0.91304034
917.14 1.1879265
916.43 0.66277605
912.19 0.7310992
903.64 0.8467447
903.64 0.8918062
902.93 1.2592648
896.51 1.3807325
890.08 1.6726308
870.8 1.542136
862.93 1.2909617
862.93 1.3650116
862.22 1.3599821
861.5 1.3369212
861.5 1.5313073
855.78 1.1391091
855.07 1.0874245
855.07 1.1669503
850.06 0.9971231
845.05 1.0974401
844.34 0.73411095
844.34 1.0974902
840.04 0.82859474
835.03 1.1079434
835.03 0.87888724
835.03 1.1533201
835.03 1.0186695
827.16 1.0498037
826.44 0.89967394
826.44 0.54995733
825.73 1.0412446
776.31 1.785672
759.85 0.5867392
759.14 0.5791194
758.42 1.115366
758.42 0.7483748
756.28 0.33002675
755.57 0.51234406
752.71 0.8989878
752.71 0.45224577
752.0 0.34075788
750.56 0.7317792
750.56 1.4612824
750.56 0.94520503
749.85 0.8779367
741.27 1.2159953
740.56 1.4120957
740.56 1.8402858
740.56 1.5627751
738.42 1.3959574
734.84 1.5941917
734.13 1.9404068
734.13 1.2610339
734.13 1.0313259
734.13 1.6183006
733.41 1.9675403
733.41 1.6701887
716.27 1.329672
715.56 1.1158733
715.56 0.973488
710.56 1.2607099
709.85 0.8648607
709.85 1.4880786
706.99 1.1976694
706.28 1.021741
706.28 1.1134745
705.56 0.80465424
697.71 1.1790503
697.71 0.766376
697.71 0.7425107
696.99 0.69271886
696.28 0.647534
695.57 1.0057793
694.85 1.1817833
684.86 0.78371155
682.0 1.0628412
676.28 1.4024172
675.57 1.6945202
674.86 1.2481205
674.85 1.641129
674.85 1.570818
667.71 1.2336142
664.86 1.1769266
664.14 1.0713563
664.15 0.9057941
649.14 1.473312
633.43 1.4909073
632.72 0.95421
632.71 1.4289098
630.57 1.2465897
630.57 1.1133199
630.57 1.3617783
629.86 1.024529
629.86 0.8334762
627.01 1.1336504
627.0 1.2964832
626.29 1.2497735
619.85 1.2092862
619.14 1.1933901
616.28 1.5708575
616.28 1.3692412
615.56 1.9085145
615.56 1.5990522
612.7 1.5826467
608.41 1.1709163
608.41 1.0292027
607.7 1.3177426
601.97 0.9100591
601.26 0.8362613
600.55 0.65792847
600.54 1.0580434
599.83 1.0278653
599.11 1.1626972
596.25 1.2507986
595.54 1.068237
595.54 0.7247857
594.82 0.7318122
592.68 0.7699153
571.92 1.5090313
571.92 1.1620005
571.21 1.2123203
571.21 1.2730954
569.06 0.9914758
568.35 1.0373737
567.63 1.1893867
566.92 1.1356484
566.92 1.2521963
566.91 1.3190025
564.05 1.073431
563.34 0.83530647
563.34 0.765849
559.04 0.91654134
558.33 0.9012501
557.61 0.86774623
556.9 1.1895715
541.15 1.2477612
540.44 0.94590825
537.57 1.0027488
537.57 1.5130837
536.86 1.1894597
536.14 1.2124764
536.14 0.8212504
535.43 1.2486804
531.85 1.224928
531.85 1.2332245
531.13 1.2235984
526.12 1.0797675
526.12 1.1010748
526.12 1.1153886
519.68 1.8871374
518.96 1.2051915
518.96 1.6768304
515.38 1.4966501
515.38 1.4080905
514.67 0.93265325
514.67 0.889268
511.09 1.1867353
511.09 1.3504189
511.09 1.4423205
508.23 0.9577256
508.23 0.86970085
508.23 1.05718
507.51 0.93942326
504.65 0.845609
504.65 1.0742546
503.94 0.83701366
499.64 1.432457
498.92 1.1379486
498.21 1.2310317
498.21 1.0456109
498.21 1.1427037
497.49 1.3043098
497.49 1.2457817
496.78 1.2032067
496.78 1.1863031
496.06 1.2895926
496.06 1.2387072
483.18 0.82071906
483.18 0.7290945
482.46 0.6432135
482.46 1.4517883
474.59 1.2581662
474.59 1.2847843
474.59 1.1633137
473.88 1.2122489
473.88 1.231817
473.16 1.795897
468.87 1.621622
468.87 1.386419
468.16 1.0236616
467.44 1.2028162
466.72 1.494617
466.01 1.1641161
465.29 1.5945967
455.28 1.4259301
454.57 1.158757
454.57 1.6161605
450.28 1.1041977
450.28 1.0751191
450.28 1.1924044
449.56 1.053913
449.56 1.4395111
449.56 1.540071
445.99 0.9591501
445.99 1.1560051
445.27 1.1336104
445.27 1.0740613
442.41 1.0513992
438.83 1.3812344
438.83 1.3773572
438.12 1.7934346
438.12 1.4127252
438.12 1.3405411
438.12 1.0364796
437.4 1.4339523
436.69 1.9282193
436.69 1.4866426
436.69 1.4827404
436.69 1.4589186
422.39 1.4020927
422.39 1.3876832
421.67 1.4580767
421.67 1.333581
421.67 1.2349188
420.24 1.2750235
420.24 1.4800007
419.53 1.0912716
419.53 1.3647504
419.53 1.4473248
418.1 0.78106993
418.1 1.3060262
417.38 1.3985982
408.8 0.88937247
408.8 0.84374976
408.09 0.9375062
398.79 0.8563118
398.79 1.0642601
398.79 0.24711421
398.08 0.94582796
398.08 1.0022508
395.93 0.9311651
395.93 1.2168033
395.22 0.81281424
395.22 1.229739
395.22 1.1786547
395.22 0.8697007
395.22 0.8370087
393.79 0.5925925
393.79 0.9400002
393.79 1.1116103
393.07 0.7394339
392.36 1.1127763
391.64 1.0614281
390.93 0.60743487
390.93 0.5773097
390.21 1.0692018
385.92 1.203965
385.21 1.1180656
385.21 0.71727276
384.49 0.69206536
384.49 0.93192995
379.49 1.0731828
379.49 0.51597583
378.77 1.45431
378.77 0.80111897
375.2 0.92739743
369.48 1.4900877
368.76 1.1890154
368.76 0.8353208
360.9 1.8746785
360.9 1.6169807
360.18 2.144355
344.46 0.8444403
344.46 0.87040746
343.74 0.9941528
343.03 0.9876611
342.31 1.0614393
338.74 1.4738255
338.02 1.143756
338.02 1.1403812
337.3 1.8008269
337.31 1.1709054
330.87 1.3592358
330.16 1.07285
330.15 1.6141889
318.71 1.0500065
318.0 1.0358975
315.14 0.7187424
314.43 0.86456263
314.43 0.79612947
313.71 1.0210215
312.99 1.1263181
312.28 0.9854071
312.28 0.92497075
312.28 1.1048735
307.99 1.0620688
307.99 1.1619241
307.27 0.96610975
295.12 1.4840608
295.12 1.2998452
294.4 1.3177991
294.4 1.4869255
289.4 0.8241368
289.4 1.2873442
288.68 1.2665582
287.96 1.8852819
287.97 1.5072156
287.97 1.5763178
287.25 1.4089682
282.96 1.486939
282.96 1.2003237
282.25 1.7980487
282.25 1.3972766
275.1 1.367127
275.1 1.436173
274.38 1.2911792
273.67 1.3236902
270.81 1.364996
264.38 1.4381516
263.66 1.530622
263.66 1.2056234
263.66 0.88352716
262.23 1.0770593
261.52 1.3189776
261.52 1.2072163
260.8 1.1854045
260.8 1.3419561
258.66 1.2576447
258.66 1.1366329
258.66 1.3223732
255.8 1.0247629
250.08 1.2290254
249.36 1.5841411
249.37 1.1022235
248.65 1.1315835
240.79 1.0417963
235.07 1.2254431
235.07 1.0637349
234.36 0.8094654
230.79 0.98172635
227.93 0.6745526
227.21 1.1805668
227.21 1.0445924
226.5 0.60812724
222.21 1.0422156
222.21 1.1729602
221.5 1.1488907
207.21 1.3588681
206.49 1.039207
206.49 1.3927653
205.78 0.9104182
205.78 1.16993
201.49 1.612669
200.78 1.3225372
189.35 0.8178179
188.63 0.9782975
188.64 0.9013418
187.92 0.7048199
187.92 0.95427597
187.21 1.2571986
184.35 0.9817897
183.64 0.48997098
183.64 0.953298
177.21 1.0238773
172.21 0.68140507
172.21 0.60504615
171.5 0.8766015
170.78 1.0477133
170.78 1.062259
170.07 0.8420915
148.64 1.2176809
147.93 1.597681
147.93 1.4073517
142.22 1.5890449
141.5 1.4760709
141.5 1.4177276
140.79 1.365047
140.79 1.4597453
130.79 1.2439791
127.22 1.4971781
126.51 1.7500304
126.51 1.208872
125.79 1.152193
125.08 1.3844354
125.08 1.4229137
124.36 1.2633213
124.36 1.3210955
122.94 0.82762325
122.22 1.2851508
122.22 1.1684059
116.51 1.1675509
112.23 0.72133
107.94 0.62422264
107.94 0.70704937
107.23 1.0402212
107.23 0.6431345
105.8 1.146746
105.8 0.80350447
105.09 0.52764636
104.37 0.6670714
103.66 0.7383996
102.94 0.76400113
95.8 0.6769058
95.8 0.6255153
95.08 1.1183447
95.08 1.0006368
95.08 1.1804221
94.37 0.6265213
79.36 1.608066
79.36 1.5961441
79.37 1.325085
77.22 1.27924
76.51 0.63621455
76.51 1.3871647
76.51 1.3717844
75.79 1.6993203
73.65 1.2689756
72.93 1.4029332
72.93 1.2886511
72.22 1.4678415
72.22 1.1671071
71.5 1.5705534
70.79 1.453423
70.08 1.4023542
70.08 1.3447591
69.36 1.3299954
69.36 1.2567796
68.65 1.0993689
66.5 1.4623375
66.5 1.5788711
65.79 1.2456168
65.07 1.3817174
64.36 1.0978261
63.64 1.3953393
59.35 1.6540704
55.78 1.1462531
55.06 1.7775179
55.07 1.0901407
54.35 1.3348558
54.35 1.5226202
52.21 1.6528649
52.21 1.5949965
52.21 1.5972977
42.2 1.1606721
42.2 1.3123035
41.49 1.0920715
39.34 1.4287258
39.34 1.1652046
38.63 1.0071688
37.91 1.1406531
37.2 1.3901883
36.48 1.2023318
35.77 1.2054065
35.05 1.1270014
34.34 0.9126321
30.05 1.0798827
30.05 0.9489337
29.33 1.0168192
29.33 0.9144888
28.62 0.82152927
22.18 0.71537626
21.46 1.3588177
15.74 1.3537731
5.01 1.3135401
4.29 1.3060722
4.3 0.84738564
2.86 1.7095108
2.15 1.650227
2.15 1.2708545
1.43 1.7129068
0.71 1.7336442
