5.0 1.348621129989624
15.0 1.5048182010650635
25.0 0.8680090308189392
35.0 1.1338272094726562
45.0 1.2369318008422852
55.0 1.594996452331543
65.0 1.3558564186096191
75.0 1.3947594165802002
85.0 0.9848434925079346
95.0 0.798371434211731
105.0 0.7201678156852722
115.0 1.0767083168029785
125.0 1.2851507663726807
135.0 1.5087534189224243
145.0 1.4597452878952026
155.0 1.152201533317566
165.0 1.3747038841247559
175.0 0.87660151720047
185.0 0.9532979726791382
195.0 1.5425286293029785
205.0 1.2506511211395264
215.0 1.1966288089752197
225.0 1.0422155857086182
235.0 1.0637348890304565
245.0 1.102223515510559
255.0 1.2625700235366821
265.0 1.2072162628173828
275.0 1.3334474563598633
285.0 1.4031224250793457
295.0 1.3088221549987793
305.0 1.1019837856292725
315.0 1.0284595489501953
325.0 1.3883250951766968
335.0 1.170905351638794
345.0 1.0265967845916748
355.0 1.4634287357330322
365.0 1.4874577522277832
375.0 0.9023957252502441
385.0 0.8378469944000244
395.0 0.9400001764297485
405.0 0.8893724679946899
415.0 1.3060262203216553
425.0 1.402092695236206
435.0 1.4464354515075684
445.0 1.0740612745285034
455.0 1.1759960651397705
465.0 1.4405180215835571
475.0 1.2581661939620972
485.0 0.7749067544937134
495.0 1.2348694801330566
505.0 1.0304752588272095
515.0 1.3398948907852173
525.0 0.9141391515731812
535.0 1.2180373668670654
545.0 1.1440763473510742
555.0 0.8872317671775818
565.0 1.1045396327972412
575.0 1.3434138298034668
585.0 1.186594009399414
595.0 0.8988902568817139
605.0 1.058043360710144
615.0 1.4650187492370605
625.0 1.2619398832321167
635.0 1.3617782592773438
645.0 1.4733120203018188
655.0 1.3632252216339111
665.0 1.1523268222808838
675.0 1.4731460809707642
685.0 1.0628411769866943
695.0 1.0924148559570312
705.0 1.0103058815002441
715.0 1.2607098817825317
725.0 1.2994227409362793
735.0 1.6174200773239136
745.0 1.0930982828140259
755.0 0.586739182472229
765.0 1.026048183441162
775.0 1.1487380266189575
785.0 1.8414740562438965
795.0 0.7754124999046326
805.0 0.9633481502532959
815.0 1.199586033821106
825.0 1.0498037338256836
835.0 1.110400676727295
845.0 1.0974401235580444
855.0 1.1142661571502686
865.0 1.3457318544387817
875.0 1.4625798463821411
885.0 1.4840753078460693
895.0 1.427352786064148
905.0 0.84674471616745
915.0 0.7411825656890869
925.0 0.9549188017845154
935.0 1.3984935283660889
945.0 1.200040578842163
955.0 1.1073505878448486
965.0 1.175412654876709
975.0 1.1664183139801025
985.0 1.237825632095337
995.0 0.9444980621337891
1005.0 0.9356571435928345
1015.0 1.1679210662841797
1025.0 1.33232581615448
1035.0 0.9311590790748596
1045.0 1.0361437797546387
1055.0 1.3471596240997314
1065.0 0.8428329825401306
1075.0 1.0264623165130615
1085.0 1.0167429447174072
1095.0 1.3882944583892822
1105.0 0.8293129801750183
1115.0 0.8410038352012634
1125.0 1.0975050926208496
1135.0 1.3424453735351562
1145.0 1.1986147165298462
1155.0 1.2302751541137695
1165.0 1.1140618324279785
1175.0 1.0675934553146362
1185.0 1.4453723430633545
1195.0 1.4885330200195312
1205.0 1.5850887298583984
1215.0 1.4935115575790405
1225.0 1.0754427909851074
1235.0 1.0435892343521118
1245.0 0.7420198917388916
1255.0 1.099379301071167
1265.0 1.0263746976852417
1275.0 1.3088479042053223
1285.0 1.3458335399627686
1295.0 1.3497841358184814
1305.0 0.9844676852226257
1315.0 1.2759686708450317
1325.0 1.4687386751174927
1335.0 0.8067498207092285
1345.0 0.7435066103935242
1355.0 1.2272727489471436
1365.0 1.2301225662231445
1375.0 1.431990385055542
1385.0 0.9965991973876953
1395.0 0.7777202129364014
1405.0 1.137574315071106
1415.0 1.172078251838684
1425.0 0.9897412061691284
1435.0 1.0236032009124756
1445.0 1.2843180894851685
1455.0 0.8116143941879272
1465.0 1.12068510055542
1475.0 1.673028826713562
1485.0 1.2188024520874023
1495.0 1.1105066537857056
1505.0 1.0041673183441162
1515.0 1.5077687501907349
1525.0 1.4858052730560303
1535.0 1.0048816204071045
1545.0 0.637142539024353
1555.0 1.2832852602005005
1565.0 1.3075207471847534
1575.0 1.0504084825515747
1585.0 1.2401206493377686
1595.0 0.8005845546722412
1605.0 1.1903408765792847
1615.0 1.4495128393173218
1625.0 1.5319575071334839
1635.0 1.000400185585022
1645.0 1.2214056253433228
1655.0 0.9185675978660583
1665.0 1.1334773302078247
1675.0 0.9096012711524963
1685.0 0.8931401968002319
1695.0 0.8935215473175049
1705.0 1.1427538394927979
1715.0 1.4176195859909058
1725.0 1.264228105545044
1735.0 1.046481728553772
1745.0 0.9611945748329163
1755.0 1.0535714626312256
1765.0 1.1385140419006348
1775.0 1.5143133401870728
1785.0 1.0184134244918823
1795.0 1.0653111934661865
1805.0 0.961580753326416
1815.0 1.2188770771026611
1825.0 1.4105228185653687
1835.0 1.4292457103729248
1845.0 1.0435738563537598
1855.0 0.7287417650222778
1865.0 1.4278079271316528
1875.0 1.1613168716430664
1885.0 1.096398115158081
1895.0 1.1255793571472168
1905.0 0.9466133117675781
1915.0 0.7542459964752197
1925.0 1.2829828262329102
1935.0 1.1864972114562988
1945.0 0.6855170130729675
1955.0 0.6338200569152832
1965.0 1.5920933485031128
1975.0 1.3546404838562012
1985.0 1.1663432121276855
1995.0 0.9911546111106873
2005.0 0.8423641920089722
2015.0 0.7506546378135681
2025.0 0.7756333351135254
2035.0 1.533668875694275
2045.0 1.0937436819076538
2055.0 0.7916746139526367
2065.0 1.121821403503418
2075.0 0.9017052054405212
2085.0 0.872117280960083
2095.0 1.145548701286316
2105.0 1.4675908088684082
2115.0 1.3108930587768555
2125.0 1.2824301719665527
2135.0 1.159360647201538
2145.0 0.8903084993362427
2155.0 1.0970203876495361
2165.0 1.1674292087554932
2175.0 0.40305909514427185
2185.0 0.9776942133903503
2195.0 1.2321829795837402
2205.0 1.0498230457305908
2215.0 1.2745084762573242
2225.0 1.394805908203125
2235.0 0.4828829765319824
2245.0 0.6279700994491577
2255.0 1.595517873764038
2265.0 1.1856907606124878
2275.0 1.2218455076217651
2285.0 1.583223581314087
2295.0 0.5753730535507202
2305.0 0.580216109752655
2315.0 1.393929123878479
2325.0 1.574063777923584
2335.0 0.977380096912384
2345.0 1.20486319065094
2355.0 0.791303277015686
2365.0 0.9752687811851501
2375.0 1.0774132013320923
2385.0 1.0699950456619263
2395.0 1.4012240171432495
2405.0 1.3782494068145752
2415.0 0.8458365797996521
2425.0 0.9469447731971741
2435.0 1.5714665651321411
2445.0 1.0912866592407227
2455.0 1.0736126899719238
2465.0 1.1867443323135376
2475.0 1.3895573616027832
2485.0 1.2230032682418823
2495.0 0.9083868265151978
2505.0 0.867479681968689
2515.0 1.0322953462600708
2525.0 1.2467753887176514
2535.0 1.0155607461929321
2545.0 0.7794176936149597
2555.0 0.4863761067390442
2565.0 1.0332223176956177
2575.0 1.63352370262146
2585.0 1.6014474630355835
2595.0 0.6484122276306152
2605.0 1.0587620735168457
2615.0 0.9598277807235718
2625.0 1.0023796558380127
2635.0 1.213011622428894
2645.0 1.7699097394943237
2655.0 1.4585282802581787
2665.0 0.9145808815956116
2675.0 0.8605288863182068
2685.0 1.0827453136444092
2695.0 1.3978466987609863
2705.0 1.3783937692642212
2715.0 0.9638252258300781
2725.0 1.2745412588119507
2735.0 1.1018537282943726
2745.0 1.1620534658432007
2755.0 0.807493269443512
2765.0 0.9252800345420837
2775.0 1.1859939098358154
2785.0 0.7470723986625671
2795.0 0.8353778123855591
2805.0 0.9915407299995422
2815.0 1.0717054605484009
2825.0 0.9937232732772827
2835.0 0.9277317523956299
2845.0 1.2123349905014038
2855.0 1.2613348960876465
2865.0 1.0846197605133057
2875.0 1.1439530849456787
2885.0 1.270371437072754
2895.0 1.363392949104309
2905.0 1.0410608053207397
2915.0 1.0481730699539185
2925.0 1.1656250953674316
2935.0 0.7594877481460571
2945.0 1.1276259422302246
2955.0 1.4691894054412842
2965.0 1.314210295677185
2975.0 0.5807788372039795
2985.0 0.8247970342636108
2995.0 0.8468403220176697
3005.0 1.1539208889007568
3015.0 1.2528026103973389
3025.0 0.7384517788887024
3035.0 0.6324456930160522
3045.0 1.0829213857650757
3055.0 0.8938971757888794
3065.0 0.7374711036682129
3075.0 1.1229596138000488
3085.0 1.1099530458450317
3095.0 0.5656921863555908
3105.0 1.667043685913086
3115.0 1.1969780921936035
3125.0 0.9812157154083252
3135.0 1.0167466402053833
3145.0 1.0474509000778198
3155.0 1.0788688659667969
3165.0 0.9285608530044556
3175.0 1.1036131381988525
3185.0 1.0820131301879883
3195.0 1.1853679418563843
3205.0 0.9022138118743896
3215.0 1.1688177585601807
3225.0 0.8010050654411316
3235.0 0.8486909866333008
3245.0 1.2359545230865479
3255.0 1.1125164031982422
3265.0 0.9338183999061584
3275.0 1.1809169054031372
3285.0 0.9863148927688599
3295.0 0.7504196763038635
3305.0 0.8125132918357849
3315.0 1.1651643514633179
3325.0 0.9876598119735718
3335.0 0.8246933221817017
