5.0 4.560417175292969
15.0 4.7426910400390625
25.0 4.584528923034668
35.0 4.834333896636963
45.0 4.483022689819336
55.0 4.263750076293945
65.0 3.837834596633911
75.0 3.5026638507843018
85.0 3.7150118350982666
95.0 4.110269546508789
105.0 4.510599136352539
115.0 4.590401649475098
125.0 4.3658342361450195
135.0 4.619935989379883
145.0 4.493513107299805
155.0 4.607353210449219
165.0 4.792384147644043
175.0 4.49193811416626
185.0 4.165555000305176
195.0 4.214363098144531
205.0 4.4923505783081055
215.0 4.638138771057129
225.0 4.464836597442627
235.0 4.184466361999512
245.0 4.242210865020752
255.0 4.143186569213867
265.0 4.098481178283691
275.0 4.091423988342285
285.0 4.310901165008545
295.0 3.9036359786987305
305.0 3.715721845626831
315.0 3.866893768310547
325.0 4.170539855957031
335.0 4.196987628936768
345.0 4.382234573364258
355.0 4.447560787200928
365.0 4.710385799407959
375.0 4.958268642425537
385.0 4.816320896148682
395.0 4.460103988647461
405.0 4.144132137298584
415.0 4.196056842803955
425.0 4.022098541259766
435.0 4.180370330810547
445.0 3.800057888031006
455.0 4.112346649169922
465.0 4.518116474151611
475.0 4.489977836608887
485.0 4.50836706161499
495.0 4.066393852233887
505.0 4.145303249359131
515.0 4.350133419036865
525.0 4.4642252922058105
535.0 3.953845977783203
545.0 4.0296125411987305
555.0 4.09019660949707
565.0 4.355518817901611
575.0 4.371836185455322
585.0 4.286808013916016
595.0 4.670051574707031
605.0 4.133327484130859
615.0 3.963139533996582
625.0 3.9571797847747803
635.0 4.197807312011719
645.0 4.316600799560547
655.0 4.311529159545898
665.0 4.525696754455566
675.0 4.430596351623535
685.0 4.206907272338867
695.0 4.185854911804199
705.0 3.966142177581787
715.0 3.966371536254883
725.0 4.2303547859191895
735.0 3.9783527851104736
745.0 4.117537021636963
755.0 4.353695392608643
765.0 4.458871841430664
775.0 4.814953327178955
785.0 4.851938247680664
795.0 4.258021354675293
805.0 3.9418928623199463
815.0 4.2501349449157715
825.0 4.752709865570068
835.0 4.643199443817139
845.0 4.38157844543457
855.0 4.390454292297363
865.0 4.146527290344238
875.0 4.0536699295043945
885.0 4.4087066650390625
895.0 4.1301727294921875
905.0 4.125483512878418
915.0 3.9311251640319824
925.0 4.094682693481445
935.0 4.651766777038574
945.0 4.622520446777344
955.0 4.4263081550598145
965.0 4.0396013259887695
975.0 4.359527587890625
985.0 4.525467872619629
995.0 4.4777421951293945
1005.0 4.241214752197266
1015.0 4.372447967529297
1025.0 4.478826522827148
1035.0 4.065547943115234
1045.0 4.07706880569458
1055.0 4.453123092651367
1065.0 3.935239315032959
1075.0 4.334782123565674
1085.0 4.543875217437744
1095.0 4.668209552764893
1105.0 4.9885358810424805
1115.0 4.860201835632324
1125.0 4.524664878845215
1135.0 4.595816135406494
1145.0 4.495133399963379
1155.0 4.439948081970215
1165.0 4.2421674728393555
1175.0 4.103325843811035
1185.0 3.9092798233032227
1195.0 4.342710018157959
1205.0 4.007859706878662
1215.0 4.219684600830078
1225.0 4.265630722045898
1235.0 4.1592817306518555
1245.0 4.001434803009033
1255.0 4.009088516235352
1265.0 3.7973175048828125
1275.0 4.182582855224609
1285.0 4.563485622406006
1295.0 4.392979621887207
1305.0 4.289239406585693
1315.0 4.71444034576416
1325.0 4.448034286499023
1335.0 4.228167533874512
1345.0 4.291970252990723
1355.0 4.302219390869141
1365.0 4.115311622619629
1375.0 3.7189509868621826
1385.0 3.8851571083068848
1395.0 3.6780219078063965
1405.0 4.042023658752441
1415.0 4.4701409339904785
1425.0 4.710376739501953
1435.0 4.898414611816406
1445.0 4.69320821762085
1455.0 4.1858086585998535
1465.0 4.100482940673828
1475.0 4.111597061157227
1485.0 4.214349269866943
1495.0 4.7392425537109375
1505.0 4.6274824142456055
1515.0 4.644254207611084
1525.0 4.566304683685303
1535.0 4.05114221572876
1545.0 4.0719170570373535
1555.0 3.5338258743286133
1565.0 3.394897937774658
1575.0 3.9033734798431396
1585.0 3.899697780609131
1595.0 4.378254413604736
1605.0 4.466172218322754
1615.0 4.63599967956543
1625.0 4.8043365478515625
1635.0 4.7074103355407715
1645.0 4.432976245880127
1655.0 4.4312334060668945
1665.0 4.158820152282715
1675.0 4.114804267883301
1685.0 3.7719006538391113
1695.0 3.563282012939453
1705.0 3.481647491455078
1715.0 3.903599262237549
1725.0 4.370474815368652
1735.0 4.068483829498291
1745.0 4.430345058441162
1755.0 4.7523193359375
1765.0 4.516429424285889
1775.0 4.572445869445801
1785.0 4.471440315246582
1795.0 3.978776216506958
1805.0 4.186242580413818
1815.0 4.09697151184082
1825.0 4.137094020843506
1835.0 4.2036848068237305
1845.0 4.027402877807617
1855.0 4.079937934875488
1865.0 4.314026832580566
1875.0 4.766171932220459
1885.0 4.525356292724609
1895.0 4.487255573272705
1905.0 4.470485687255859
1915.0 4.38392972946167
1925.0 4.570094108581543
1935.0 4.673811435699463
1945.0 4.641735553741455
1955.0 4.119148254394531
1965.0 4.3389482498168945
1975.0 4.2594428062438965
1985.0 3.9341654777526855
1995.0 4.294589042663574
2005.0 4.236903667449951
2015.0 4.161872863769531
2025.0 4.094210624694824
2035.0 4.310963153839111
2045.0 4.250118255615234
2055.0 4.121346473693848
2065.0 4.148767471313477
2075.0 4.002120018005371
2085.0 4.029191017150879
2095.0 4.279226779937744
2105.0 4.255675315856934
2115.0 4.082508087158203
2125.0 4.220118999481201
2135.0 4.5244646072387695
2145.0 4.7315287590026855
2155.0 4.581316947937012
2165.0 4.785787582397461
2175.0 4.760761737823486
2185.0 4.258795738220215
2195.0 4.234224319458008
2205.0 4.2417216300964355
2215.0 4.179527282714844
2225.0 4.389400482177734
2235.0 4.9419074058532715
2245.0 5.152985572814941
2255.0 4.389916896820068
2265.0 4.102883338928223
2275.0 4.57600736618042
2285.0 4.25738525390625
2295.0 3.8890509605407715
2305.0 3.9202988147735596
2315.0 3.8068132400512695
2325.0 3.8340673446655273
2335.0 3.7602386474609375
2345.0 4.03239107131958
2355.0 4.146614074707031
2365.0 4.2316999435424805
2375.0 4.009494304656982
2385.0 4.046304225921631
2395.0 4.377747535705566
2405.0 4.357906341552734
2415.0 4.439189434051514
2425.0 4.247704029083252
2435.0 4.350034713745117
2445.0 4.337350368499756
2455.0 4.212512969970703
2465.0 4.227834701538086
2475.0 4.688540935516357
2485.0 4.5001983642578125
2495.0 4.261650085449219
2505.0 4.307772636413574
2515.0 4.3126630783081055
2525.0 4.212607383728027
2535.0 4.000757217407227
2545.0 4.138934135437012
2555.0 4.277072906494141
2565.0 4.330361366271973
2575.0 4.2774505615234375
2585.0 4.338521957397461
2595.0 4.298296928405762
2605.0 4.0420403480529785
2615.0 4.320082187652588
2625.0 4.126857757568359
2635.0 4.057650089263916
2645.0 4.323230743408203
2655.0 4.735892295837402
2665.0 4.3738017082214355
2675.0 4.277661323547363
2685.0 4.155856132507324
2695.0 4.097266674041748
2705.0 3.97867488861084
2715.0 4.339954376220703
2725.0 4.211359977722168
2735.0 4.099825382232666
2745.0 3.8521642684936523
2755.0 3.8081531524658203
2765.0 4.0070953369140625
2775.0 3.9240126609802246
2785.0 4.4344801902771
2795.0 4.335515022277832
2805.0 4.849465847015381
2815.0 4.632346153259277
2825.0 3.771479606628418
2835.0 3.722594738006592
2845.0 4.1144208908081055
2855.0 4.210450172424316
2865.0 4.162718772888184
2875.0 3.9879119396209717
2885.0 4.121779441833496
2895.0 4.288332462310791
2905.0 4.494185924530029
2915.0 4.500341892242432
2925.0 4.472446918487549
2935.0 4.7813310623168945
2945.0 4.614943504333496
2955.0 4.3958234786987305
2965.0 4.2610321044921875
2975.0 4.508430480957031
2985.0 4.301161766052246
2995.0 4.282680511474609
3005.0 4.2170939445495605
3015.0 3.988037109375
3025.0 4.073094367980957
3035.0 4.514631271362305
3045.0 4.422912120819092
3055.0 4.302642822265625
3065.0 4.288112640380859
3075.0 4.096864700317383
3085.0 4.357680320739746
3095.0 4.568606853485107
3105.0 4.762791633605957
3115.0 4.504306793212891
3125.0 4.453845024108887
3135.0 4.308220386505127
3145.0 4.23883056640625
3155.0 4.064553260803223
3165.0 4.134315013885498
3175.0 4.143176078796387
3185.0 4.082010269165039
3195.0 4.032281875610352
3205.0 4.115898609161377
3215.0 4.4657206535339355
3225.0 4.314939022064209
3235.0 4.36021614074707
3245.0 4.1508941650390625
3255.0 3.9770405292510986
3265.0 4.047664165496826
3275.0 4.111422061920166
3285.0 4.318352699279785
3295.0 4.5381855964660645
3305.0 4.085598945617676
3315.0 4.333509922027588
3325.0 4.585223197937012
3335.0 4.611110687255859
3345.0 4.487020492553711
