5.0 -0.3895083963871002
15.0 -0.39783209562301636
25.0 -0.32175958156585693
35.0 -0.3563206195831299
45.0 -0.4335750341415405
55.0 -0.4481995403766632
65.0 -0.4723626971244812
75.0 -0.549010157585144
85.0 -0.6050708293914795
95.0 -0.5934756994247437
105.0 -0.634706437587738
115.0 -0.5984089374542236
125.0 -0.6275525093078613
135.0 -0.730962336063385
145.0 -0.7049240469932556
155.0 -0.6158232688903809
165.0 -0.6638063788414001
175.0 -0.6738243699073792
185.0 -0.6271139979362488
195.0 -0.5563795566558838
205.0 -0.5339836478233337
215.0 -0.5933634042739868
225.0 -0.6387067437171936
235.0 -0.7186204195022583
245.0 -0.6407043933868408
255.0 -0.5312165021896362
265.0 -0.5156813859939575
275.0 -0.545860230922699
285.0 -0.5171595811843872
295.0 -0.502813458442688
305.0 -0.4181637167930603
315.0 -0.3158743977546692
325.0 -0.4426648020744324
335.0 -0.5528690814971924
345.0 -0.5251604318618774
355.0 -0.5398818850517273
365.0 -0.4780460596084595
375.0 -0.4878290295600891
385.0 -0.5252708196640015
395.0 -0.5188260078430176
405.0 -0.5362399220466614
415.0 -0.45517879724502563
425.0 -0.4157998561859131
435.0 -0.4625900387763977
445.0 -0.3860531151294708
455.0 -0.36022743582725525
465.0 -0.48248887062072754
475.0 -0.4900374710559845
485.0 -0.543130099773407
495.0 -0.5457320809364319
505.0 -0.46972715854644775
515.0 -0.5039607286453247
525.0 -0.5095082521438599
535.0 -0.4666655659675598
545.0 -0.3934192657470703
555.0 -0.46431803703308105
565.0 -0.42726147174835205
575.0 -0.5047376751899719
585.0 -0.5218206644058228
595.0 -0.5613523721694946
605.0 -0.6000142097473145
615.0 -0.629754900932312
625.0 -0.6317552924156189
635.0 -0.5621135234832764
645.0 -0.6199913024902344
655.0 -0.5906445980072021
665.0 -0.5298848152160645
675.0 -0.6039749383926392
685.0 -0.5504534244537354
695.0 -0.5034447312355042
705.0 -0.5483150482177734
715.0 -0.6661184430122375
725.0 -0.6542277932167053
735.0 -0.5322398543357849
745.0 -0.530301570892334
755.0 -0.6391462087631226
765.0 -0.5265573263168335
775.0 -0.6207895278930664
785.0 -0.5710333585739136
795.0 -0.577117919921875
805.0 -0.5459247827529907
815.0 -0.5787026882171631
825.0 -0.54551100730896
835.0 -0.5368672013282776
845.0 -0.5808656215667725
855.0 -0.5701019763946533
865.0 -0.5693507194519043
875.0 -0.5267215967178345
885.0 -0.548084020614624
895.0 -0.559152364730835
905.0 -0.5302258133888245
915.0 -0.602202296257019
925.0 -0.5628738403320312
935.0 -0.5736875534057617
945.0 -0.561357855796814
955.0 -0.5666345357894897
965.0 -0.5533100962638855
975.0 -0.5223848223686218
985.0 -0.5499911308288574
995.0 -0.542406439781189
1005.0 -0.5267884731292725
1015.0 -0.6144458055496216
1025.0 -0.5777279138565063
1035.0 -0.5212693810462952
1045.0 -0.5797281265258789
1055.0 -0.5959705710411072
1065.0 -0.5495911836624146
1075.0 -0.5827437043190002
1085.0 -0.5963805913925171
1095.0 -0.5693365335464478
1105.0 -0.5662379264831543
1115.0 -0.5573103427886963
1125.0 -0.5936999320983887
1135.0 -0.5575947761535645
1145.0 -0.5602471828460693
1155.0 -0.539527952671051
1165.0 -0.5553442239761353
1175.0 -0.5590983629226685
1185.0 -0.6013513207435608
1195.0 -0.576975405216217
1205.0 -0.5382047891616821
1215.0 -0.5811781883239746
1225.0 -0.6081914901733398
1235.0 -0.5278763771057129
1245.0 -0.5854926109313965
1255.0 -0.5790818929672241
1265.0 -0.5978462100028992
1275.0 -0.5434969067573547
1285.0 -0.5750792026519775
1295.0 -0.5422179102897644
1305.0 -0.5626028776168823
1315.0 -0.5473486185073853
1325.0 -0.5344948768615723
1335.0 -0.5872900485992432
1345.0 -0.6114012002944946
1355.0 -0.5945116281509399
1365.0 -0.590939998626709
1375.0 -0.5953024625778198
1385.0 -0.5875285863876343
1395.0 -0.5914077162742615
1405.0 -0.5512477159500122
1415.0 -0.594267725944519
1425.0 -0.5613057613372803
1435.0 -0.557256817817688
1445.0 -0.5933690071105957
1455.0 -0.6042537689208984
1465.0 -0.5623990893363953
1475.0 -0.5539128184318542
1485.0 -0.5509443283081055
1495.0 -0.5463740229606628
1505.0 -0.5502538681030273
1515.0 -0.5811364650726318
1525.0 -0.5715116262435913
1535.0 -0.5762765407562256
1545.0 -0.5979595184326172
1555.0 -0.5623204708099365
1565.0 -0.5716540217399597
1575.0 -0.5728676915168762
1585.0 -0.5794199109077454
1595.0 -0.5900325179100037
1605.0 -0.5466400384902954
1615.0 -0.5558590888977051
1625.0 -0.6050633192062378
1635.0 -0.5703756213188171
1645.0 -0.6002753973007202
1655.0 -0.5980292558670044
1665.0 -0.598900318145752
1675.0 -0.6392722725868225
1685.0 -0.5461828708648682
1695.0 -0.5737653970718384
1705.0 -0.5641151070594788
1715.0 -0.5682864189147949
1725.0 -0.5791802406311035
1735.0 -0.580757737159729
1745.0 -0.5451071262359619
1755.0 -0.5681283473968506
1765.0 -0.5355304479598999
1775.0 -0.5879030227661133
1785.0 -0.5293523073196411
1795.0 -0.5508210062980652
1805.0 -0.5832498669624329
1815.0 -0.5568207502365112
1825.0 -0.5553160905838013
1835.0 -0.6522701382637024
1845.0 -0.5528276562690735
1855.0 -0.5974045991897583
1865.0 -0.5924651622772217
1875.0 -0.5831812024116516
1885.0 -0.5982808470726013
1895.0 -0.583814263343811
1905.0 -0.5654861927032471
1915.0 -0.6018455028533936
1925.0 -0.5886482000350952
1935.0 -0.6140781044960022
1945.0 -0.6171867847442627
1955.0 -0.5869829654693604
1965.0 -0.583185076713562
1975.0 -0.6510682702064514
1985.0 -0.6316980123519897
1995.0 -0.6050085425376892
2005.0 -0.5928632616996765
2015.0 -0.5716384053230286
2025.0 -0.5623642206192017
2035.0 -0.6076756715774536
2045.0 -0.5925755500793457
2055.0 -0.5876563787460327
2065.0 -0.6184509992599487
2075.0 -0.6166089177131653
2085.0 -0.6149419546127319
2095.0 -0.5829911828041077
2105.0 -0.5694190263748169
2115.0 -0.6018608808517456
2125.0 -0.5996564626693726
2135.0 -0.5928808450698853
2145.0 -0.6099334955215454
2155.0 -0.6142738461494446
2165.0 -0.5713794827461243
2175.0 -0.5733780860900879
2185.0 -0.5829427242279053
2195.0 -0.6118183732032776
2205.0 -0.6489323973655701
2215.0 -0.5514852404594421
2225.0 -0.6091351509094238
2235.0 -0.590783953666687
2245.0 -0.5878720283508301
2255.0 -0.6000141501426697
2265.0 -0.5866326689720154
2275.0 -0.6392130255699158
2285.0 -0.6406627893447876
2295.0 -0.5990009307861328
2305.0 -0.5998116731643677
2315.0 -0.5791016817092896
2325.0 -0.5821247696876526
2335.0 -0.5948520302772522
2345.0 -0.5845156908035278
2355.0 -0.6255306005477905
2365.0 -0.5769758224487305
2375.0 -0.6297060251235962
2385.0 -0.5395317077636719
2395.0 -0.6186016798019409
2405.0 -0.6072695255279541
2415.0 -0.6043037176132202
2425.0 -0.6241960525512695
2435.0 -0.5749230980873108
2445.0 -0.6517447233200073
2455.0 -0.5603386163711548
2465.0 -0.6008673310279846
2475.0 -0.597541093826294
2485.0 -0.607447624206543
2495.0 -0.6160169243812561
2505.0 -0.6099001169204712
2515.0 -0.6145094633102417
2525.0 -0.5977423191070557
2535.0 -0.5825190544128418
2545.0 -0.5721136331558228
2555.0 -0.5952505469322205
2565.0 -0.6393879055976868
2575.0 -0.5562684535980225
2585.0 -0.5874501466751099
2595.0 -0.6388784646987915
2605.0 -0.6686851978302002
2615.0 -0.6174575090408325
2625.0 -0.6030194759368896
2635.0 -0.630766749382019
2645.0 -0.634101152420044
2655.0 -0.6244352459907532
2665.0 -0.647083044052124
2675.0 -0.5986849069595337
2685.0 -0.5854800939559937
2695.0 -0.5971285104751587
2705.0 -0.5966743230819702
2715.0 -0.6256601810455322
2725.0 -0.6118083596229553
2735.0 -0.6014484167098999
2745.0 -0.628391444683075
2755.0 -0.6247988343238831
2765.0 -0.6327396631240845
2775.0 -0.5842813849449158
2785.0 -0.637473464012146
2795.0 -0.6342159509658813
2805.0 -0.5932934284210205
2815.0 -0.605643630027771
2825.0 -0.6541533470153809
2835.0 -0.6334802508354187
2845.0 -0.5687297582626343
2855.0 -0.6617417931556702
2865.0 -0.6523128747940063
2875.0 -0.6571294665336609
2885.0 -0.6111482381820679
2895.0 -0.611457109451294
2905.0 -0.615659773349762
2915.0 -0.6488010883331299
2925.0 -0.6312146782875061
2935.0 -0.6136353611946106
2945.0 -0.6450387835502625
2955.0 -0.6016829609870911
2965.0 -0.6121548414230347
2975.0 -0.6377730965614319
2985.0 -0.5926662683486938
2995.0 -0.6123940944671631
3005.0 -0.6224057078361511
3015.0 -0.6472522616386414
3025.0 -0.6215282082557678
3035.0 -0.5640443563461304
3045.0 -0.6156675815582275
3055.0 -0.6185320615768433
3065.0 -0.6101402044296265
3075.0 -0.6162745952606201
3085.0 -0.6569883227348328
3095.0 -0.6243125796318054
3105.0 -0.6309216022491455
3115.0 -0.6292951107025146
3125.0 -0.6465345621109009
3135.0 -0.650018036365509
3145.0 -0.6383464336395264
3155.0 -0.6133925914764404
3165.0 -0.6014646291732788
3175.0 -0.5794378519058228
3185.0 -0.6298110485076904
3195.0 -0.6898215413093567
3205.0 -0.6290161609649658
3215.0 -0.5963925123214722
3225.0 -0.6599204540252686
3235.0 -0.6725128293037415
3245.0 -0.63233482837677
3255.0 -0.6622942686080933
3265.0 -0.6479490399360657
3275.0 -0.6400454044342041
3285.0 -0.6116063594818115
3295.0 -0.6100210547447205
3305.0 -0.646332323551178
3315.0 -0.6314153671264648
3325.0 -0.663849949836731
3335.0 -0.6545805931091309
3345.0 -0.6638475060462952
3355.0 -0.6465724110603333
3365.0 -0.59067702293396
3375.0 -0.6539973616600037
3385.0 -0.6511727571487427
3395.0 -0.6600688695907593
3405.0 -0.6473768949508667
3415.0 -0.6198510527610779
3425.0 -0.6690731048583984
3435.0 -0.6748318672180176
3445.0 -0.7080551385879517
3455.0 -0.712226390838623
3465.0 -0.7201552391052246
3475.0 -0.7589261531829834
3485.0 -0.7282619476318359
3495.0 -0.5849036574363708
3505.0 -0.6640506386756897
3515.0 -0.7539896965026855
3525.0 -0.7654876112937927
3535.0 -0.7649838924407959
3545.0 -0.5159574747085571
3555.0 -0.6432105302810669
3565.0 -0.7902287244796753
3575.0 -0.6693458557128906
3585.0 -0.6720111966133118
3595.0 -0.6843858957290649
3605.0 -0.8235794901847839
3615.0 -0.7035461068153381
3625.0 -0.5819641351699829
3635.0 -0.49274545907974243
3645.0 -0.6276260018348694
3655.0 -0.7106599807739258
3665.0 -0.507041335105896
3675.0 -0.6258058547973633
3685.0 -0.7266157269477844
3695.0 -0.8466123342514038
3705.0 -0.8959852457046509
3715.0 -0.7233875393867493
3725.0 -0.6199280023574829
3735.0 -0.5698736906051636
3745.0 -0.6009562015533447
3755.0 -0.6365670561790466
3765.0 -0.5613768696784973
3775.0 -0.6707003116607666
3785.0 -0.5984194278717041
3795.0 -0.6301019787788391
3805.0 -0.6901010870933533
3815.0 -0.7325134873390198
3825.0 -0.8539392352104187
3835.0 -0.9894286394119263
3845.0 -0.6580768823623657
3855.0 -0.3884005546569824
3865.0 -0.38556256890296936
3875.0 -0.49310532212257385
3885.0 -0.600199282169342
3895.0 -0.7245584726333618
3905.0 -0.825730562210083
3915.0 -0.7482864260673523
3925.0 -0.676609992980957
3935.0 -0.6119158267974854
3945.0 -0.5954549908638
3955.0 -0.5092347264289856
3965.0 -0.5964223742485046
3975.0 -0.9114505648612976
3985.0 -0.8857488036155701
3995.0 -0.8819925785064697
4005.0 -0.7457176446914673
4015.0 -0.5883418321609497
4025.0 -0.3954390287399292
4035.0 -0.4768034815788269
4045.0 -0.6651995182037354
4055.0 -0.6796115636825562
4065.0 -0.6867340803146362
4075.0 -0.8096173405647278
4085.0 -0.8151826858520508
4095.0 -0.805479884147644
4105.0 -0.602961003780365
4115.0 -0.6785049438476562
4125.0 -0.7442777156829834
4135.0 -0.7193854451179504
4145.0 -0.6512314081192017
4155.0 -0.5792415142059326
4165.0 -0.6142005920410156
4175.0 -0.746181070804596
4185.0 -0.8261962532997131
4195.0 -0.8134241104125977
4205.0 -0.7830444574356079
4215.0 -0.717870831489563
4225.0 -0.760089099407196
4235.0 -0.7871311902999878
4245.0 -0.698505163192749
4255.0 -0.6350221037864685
4265.0 -0.8879179358482361
4275.0 -0.6503569483757019
4285.0 -0.6400226354598999
4295.0 -0.6964256763458252
4305.0 -0.7314188480377197
4315.0 -0.7672205567359924
4325.0 -0.7965095639228821
4335.0 -0.7422531843185425
4345.0 -0.8018199801445007
4355.0 -0.7672756910324097
4365.0 -0.7178393006324768
4375.0 -0.8011006116867065
4385.0 -0.8921905755996704
4395.0 -0.735593318939209
4405.0 -0.6991574168205261
4415.0 -0.5762877464294434
4425.0 -0.5393489003181458
4435.0 -0.5809065103530884
4445.0 -0.5631699562072754
4455.0 -0.5299100875854492
4465.0 -0.3764974772930145
