5.0 2.57674241065979
15.0 2.6298959255218506
25.0 2.5980515480041504
35.0 2.530762195587158
45.0 2.686906337738037
55.0 2.6446850299835205
65.0 2.3862738609313965
75.0 2.791189432144165
85.0 2.5754337310791016
95.0 2.401353120803833
105.0 2.619062900543213
115.0 2.6528592109680176
125.0 2.6246824264526367
135.0 2.582158088684082
145.0 2.577453851699829
155.0 2.636925458908081
165.0 2.70820951461792
175.0 2.623575210571289
185.0 2.6882712841033936
195.0 2.662938117980957
205.0 2.807532548904419
215.0 2.788322925567627
225.0 2.828014612197876
235.0 2.602952718734741
245.0 2.7037510871887207
255.0 2.660261631011963
265.0 2.595480442047119
275.0 2.6438357830047607
285.0 2.597918748855591
295.0 2.5532498359680176
305.0 2.5963025093078613
315.0 2.528704881668091
325.0 2.6412768363952637
335.0 2.5358519554138184
345.0 2.4372293949127197
355.0 2.69553279876709
365.0 2.5650010108947754
375.0 2.756422281265259
385.0 2.4802405834198
395.0 2.525528907775879
405.0 2.6308677196502686
415.0 2.6000404357910156
425.0 2.470217704772949
435.0 2.61234450340271
445.0 2.475015163421631
455.0 2.413496494293213
465.0 2.624669075012207
475.0 2.4072329998016357
485.0 2.5720157623291016
495.0 2.6422009468078613
505.0 2.7248342037200928
515.0 2.6898467540740967
525.0 2.6801109313964844
535.0 2.534187078475952
545.0 2.692312479019165
555.0 2.6765637397766113
565.0 2.539128541946411
575.0 2.4699878692626953
585.0 2.7200686931610107
595.0 2.749370574951172
605.0 2.6115214824676514
615.0 2.483990430831909
625.0 2.455077648162842
635.0 2.6587650775909424
645.0 2.39882493019104
655.0 2.5489954948425293
665.0 2.7279365062713623
675.0 2.603151321411133
685.0 2.5704879760742188
695.0 2.757183074951172
705.0 2.6479530334472656
715.0 2.5397934913635254
725.0 2.5223116874694824
735.0 2.56632661819458
745.0 2.6016921997070312
755.0 2.5302767753601074
765.0 2.542508602142334
775.0 2.5461206436157227
785.0 2.593195676803589
795.0 2.6861495971679688
805.0 2.5223121643066406
815.0 2.5887951850891113
825.0 2.6025571823120117
835.0 2.6100411415100098
845.0 2.603563070297241
855.0 2.6843550205230713
865.0 2.7049381732940674
875.0 2.467101812362671
885.0 2.5398013591766357
895.0 2.698185443878174
905.0 2.5053677558898926
915.0 2.5359489917755127
925.0 2.5868353843688965
935.0 2.5786173343658447
945.0 2.584076404571533
955.0 2.4558656215667725
965.0 2.5452518463134766
975.0 2.6085734367370605
985.0 2.510808229446411
995.0 2.711294651031494
1005.0 2.5716238021850586
1015.0 2.548830509185791
1025.0 2.4122159481048584
1035.0 2.378222942352295
1045.0 2.6736414432525635
1055.0 2.4620871543884277
1065.0 2.720721960067749
1075.0 2.71486759185791
1085.0 2.442697286605835
1095.0 2.7947442531585693
1105.0 2.4449350833892822
1115.0 2.6773571968078613
1125.0 2.6615819931030273
1135.0 2.450242757797241
1145.0 2.6650424003601074
1155.0 2.671159267425537
1165.0 2.7700726985931396
1175.0 2.704965114593506
1185.0 2.696463108062744
1195.0 2.5165791511535645
1205.0 2.5155091285705566
1215.0 2.509497880935669
1225.0 2.5163962841033936
1235.0 2.5623972415924072
1245.0 2.607064723968506
1255.0 2.6392102241516113
1265.0 2.5639569759368896
1275.0 2.44014835357666
1285.0 2.545319080352783
1295.0 2.580085039138794
1305.0 2.620234489440918
1315.0 2.593338966369629
1325.0 2.672297716140747
1335.0 2.665118932723999
1345.0 2.552767276763916
1355.0 2.7107338905334473
1365.0 2.712830066680908
1375.0 2.8888978958129883
1385.0 2.68097186088562
1395.0 2.6967833042144775
1405.0 2.577475070953369
1415.0 2.7746777534484863
1425.0 2.6731927394866943
1435.0 2.6461987495422363
1445.0 2.5905098915100098
1455.0 2.497431516647339
1465.0 2.583435297012329
1475.0 2.6072044372558594
1485.0 2.5563840866088867
1495.0 2.6883108615875244
1505.0 2.6456401348114014
1515.0 2.580321788787842
1525.0 2.5276734828948975
1535.0 2.674558162689209
1545.0 2.6510918140411377
1555.0 2.5778894424438477
1565.0 2.668443202972412
1575.0 2.549792766571045
1585.0 2.514136791229248
1595.0 2.705949306488037
1605.0 2.6851139068603516
1615.0 2.694059371948242
1625.0 2.3518178462982178
1635.0 2.442502975463867
1645.0 2.5911641120910645
1655.0 2.589172840118408
1665.0 2.4381184577941895
1675.0 2.7805728912353516
1685.0 2.6559557914733887
1695.0 2.654155969619751
1705.0 2.799591064453125
1715.0 2.5802836418151855
1725.0 2.8266959190368652
1735.0 2.7195825576782227
1745.0 2.640890121459961
1755.0 2.657726764678955
1765.0 2.727153778076172
1775.0 2.60909366607666
1785.0 2.645540237426758
1795.0 2.656151533126831
1805.0 2.8490819931030273
1815.0 2.701597213745117
1825.0 2.637570381164551
1835.0 2.5780980587005615
1845.0 2.7704601287841797
1855.0 2.737041473388672
1865.0 2.7423906326293945
1875.0 2.6798198223114014
1885.0 2.6401402950286865
1895.0 2.733551502227783
1905.0 2.741309642791748
1915.0 2.6841249465942383
1925.0 2.5120763778686523
1935.0 2.6601715087890625
1945.0 2.533705234527588
1955.0 2.6706619262695312
1965.0 2.75921630859375
1975.0 2.6698596477508545
1985.0 2.4859461784362793
1995.0 2.620499610900879
2005.0 2.5687265396118164
2015.0 2.559401750564575
2025.0 2.589524269104004
2035.0 2.790928602218628
2045.0 35767
2055.0 2.543748617172241
2065.0 2.602799892425537
2075.0 2.5925655364990234
2085.0 2.645003318786621
2095.0 2.8117666244506836
2105.0 2.5978732109069824
2115.0 2.6681268215179443
2125.0 2.645040273666382
2135.0 2.733569622039795
2145.0 2.5116000175476074
2155.0 2.553250789642334
2165.0 2.7255711555480957
2175.0 2.715628147125244
2185.0 2.7468552589416504
2195.0 2.552586078643799
2205.0 2.6478869915008545
2215.0 2.643101692199707
2225.0 2.6313717365264893
