5.0 2.186255693435669
15.0 2.131047248840332
25.0 2.1219682693481445
35.0 1.925079584121704
45.0 1.9748079776763916
55.0 2.0302610397338867
65.0 2.100529670715332
75.0 1.9552195072174072
85.0 2.0362637042999268
95.0 2.1449687480926514
105.0 1.9904202222824097
115.0 1.9970612525939941
125.0 2.0509417057037354
135.0 2.063467502593994
145.0 1.84847092628479
155.0 2.083585500717163
165.0 2.092217206954956
175.0 2.074176788330078
185.0 2.043383836746216
195.0 2.1319451332092285
205.0 2.141112804412842
215.0 1.9929218292236328
225.0 2.003371238708496
235.0 1.979841947555542
245.0 2.017038583755493
255.0 2.0691986083984375
265.0 2.043560028076172
275.0 1.9520156383514404
285.0 2.022909164428711
295.0 2.1077394485473633
305.0 2.094438314437866
315.0 2.0635032653808594
325.0 2.0137062072753906
335.0 2.02663516998291
345.0 2.092562675476074
355.0 1.889939785003662
365.0 2.043538808822632
375.0 2.0783843994140625
385.0 2.0657384395599365
395.0 1.9411561489105225
405.0 2.118401527404785
415.0 1.9875881671905518
425.0 2.016791582107544
435.0 2.08074688911438
445.0 2.111264705657959
455.0 2.0392255783081055
465.0 2.1775083541870117
475.0 2.0699172019958496
485.0 2.0307815074920654
495.0 1.9849531650543213
505.0 2.0439953804016113
515.0 2.059396982192993
525.0 2.0783133506774902
535.0 2.084522247314453
545.0 2.103853702545166
555.0 2.1025493144989014
565.0 2.0574848651885986
575.0 2.0271363258361816
585.0 2.066621780395508
595.0 1.9201935529708862
605.0 2.092766284942627
615.0 2.0408034324645996
625.0 2.0982413291931152
635.0 1.8801782131195068
645.0 2.069222927093506
655.0 2.0418713092803955
665.0 2.079265594482422
675.0 2.0599606037139893
685.0 1.970593810081482
695.0 1.9075303077697754
705.0 1.9972530603408813
715.0 2.0560622215270996
725.0 2.032770872116089
735.0 2.19059681892395
745.0 2.0864908695220947
755.0 2.0196094512939453
765.0 2.0498902797698975
775.0 2.0448126792907715
785.0 2.01735782623291
795.0 2.0450520515441895
805.0 2.1172893047332764
815.0 1.997420310974121
825.0 2.020379066467285
835.0 2.0105957984924316
845.0 2.045466423034668
855.0 2.050161600112915
865.0 1.9924813508987427
875.0 2.064323902130127
885.0 2.001734972000122
895.0 2.0413753986358643
905.0 2.0052103996276855
915.0 2.008455753326416
925.0 2.1023740768432617
935.0 2.028573513031006
945.0 2.038480281829834
955.0 2.000401258468628
965.0 2.0118584632873535
975.0 2.0212788581848145
985.0 2.057988166809082
995.0 1.992210030555725
1005.0 2.010331630706787
1015.0 1.9882524013519287
1025.0 2.06387996673584
1035.0 2.0573503971099854
1045.0 2.0074782371520996
1055.0 1.9677678346633911
1065.0 2.0809507369995117
1075.0 2.054908514022827
1085.0 2.0604209899902344
1095.0 1.9900734424591064
1105.0 2.083557605743408
1115.0 2.0675268173217773
1125.0 2.0841853618621826
1135.0 1.9726831912994385
1145.0 2.0122697353363037
1155.0 2.0678482055664062
1165.0 2.0491693019866943
1175.0 2.0240447521209717
1185.0 2.0495097637176514
1195.0 1.985187292098999
1205.0 1.9871912002563477
1215.0 2.0718462467193604
1225.0 1.9789206981658936
1235.0 2.0703558921813965
1245.0 1.9771182537078857
1255.0 1.9132273197174072
1265.0 1.9267518520355225
1275.0 1.911628246307373
1285.0 2.0187950134277344
1295.0 2.0180625915527344
1305.0 2.0048179626464844
1315.0 2.0755372047424316
1325.0 1.906527042388916
1335.0 1.9611432552337646
1345.0 1.9483387470245361
1355.0 1.9447029829025269
1365.0 1.8839092254638672
1375.0 1.9621185064315796
1385.0 2.024026870727539
1395.0 1.9829862117767334
1405.0 1.9692984819412231
1415.0 1.869734287261963
1425.0 1.9415903091430664
1435.0 2.006718158721924
1445.0 2.0871119499206543
1455.0 1.953681230545044
1465.0 2.0150604248046875
1475.0 1.9013004302978516
1485.0 1.979597806930542
1495.0 1.9884324073791504
1505.0 2.01216197013855
1515.0 1.9630321264266968
1525.0 2.067952871322632
1535.0 2.013734817504883
1545.0 1.9948887825012207
1555.0 1.9893580675125122
1565.0 1.940436601638794
1575.0 2.022582530975342
1585.0 1.9998185634613037
1595.0 2.0846428871154785
1605.0 2.041606903076172
1615.0 1.9760222434997559
1625.0 1.901341199874878
1635.0 2.0188283920288086
1645.0 1.9384962320327759
1655.0 1.9468027353286743
1665.0 1.9123692512512207
1675.0 2.0016396045684814
1685.0 1.9116847515106201
1695.0 2.0057406425476074
1705.0 2.0096871852874756
1715.0 2.027263641357422
1725.0 1.9223556518554688
1735.0 1.9944489002227783
1745.0 1.9115883111953735
1755.0 1.972642183303833
1765.0 2.1041038036346436
1775.0 1.9062391519546509
1785.0 1.936349868774414
1795.0 1.9972723722457886
1805.0 1.9457480907440186
1815.0 1.9330098628997803
1825.0 1.9631950855255127
1835.0 1.8401907682418823
1845.0 2.008612632751465
1855.0 1.786460518836975
1865.0 1.954514741897583
1875.0 2.0166449546813965
1885.0 2.029538869857788
1895.0 2.0096535682678223
1905.0 1.9457674026489258
1915.0 1.822136402130127
1925.0 2.041139841079712
1935.0 1.9306474924087524
1945.0 1.97854483127594
1955.0 1.9794193506240845
1965.0 1.9845505952835083
1975.0 1.960985541343689
1985.0 1.9196646213531494
1995.0 1.9119640588760376
2005.0 1.9863438606262207
2015.0 1.9521989822387695
2025.0 1.9923852682113647
2035.0 1.84072744846344
2045.0 2.0176126956939697
2055.0 1.822047233581543
2065.0 1.826566457748413
2075.0 1.963362693786621
2085.0 1.8084796667099
2095.0 1.9650154113769531
2105.0 2.019786834716797
2115.0 2.047729969024658
2125.0 2.0605309009552
2135.0 1.966016411781311
2145.0 2.1220180988311768
2155.0 1.9503352642059326
2165.0 1.9919052124023438
2175.0 1.855308175086975
2185.0 2.002185106277466
2195.0 2.0016794204711914
2205.0 2.0217623710632324
2215.0 2.0753064155578613
2225.0 1.914719581604004
