5.0 2.9660816192626953
15.0 3.0344505310058594
25.0 3.0478811264038086
35.0 2.996263265609741
45.0 2.9996492862701416
55.0 3.0013349056243896
65.0 3.0098040103912354
75.0 3.0121631622314453
85.0 3.0178587436676025
95.0 3.0127203464508057
105.0 3.009237766265869
115.0 3.045271873474121
125.0 3.0433316230773926
135.0 2.9996283054351807
145.0 2.958979845046997
155.0 3.0153491497039795
165.0 3.0422019958496094
175.0 3.0014548301696777
185.0 2.9708750247955322
195.0 2.979025363922119
205.0 3.0053653717041016
215.0 3.008856773376465
225.0 2.9911532402038574
235.0 3.043245792388916
245.0 2.9913506507873535
255.0 3.032179832458496
265.0 2.9951024055480957
275.0 3.0255322456359863
285.0 3.0052332878112793
295.0 3.0287413597106934
305.0 2.9820644855499268
315.0 2.9964475631713867
325.0 2.914734363555908
335.0 3.031888961791992
345.0 3.018106698989868
355.0 2.9879846572875977
365.0 2.963381290435791
375.0 2.952022075653076
385.0 2.9961471557617188
395.0 3.011770725250244
405.0 3.0850679874420166
415.0 2.964555025100708
425.0 3.029046058654785
435.0 2.9393835067749023
445.0 2.96608829498291
455.0 2.9929299354553223
465.0 2.9795584678649902
475.0 2.98830246925354
485.0 3.015712261199951
495.0 3.0109806060791016
505.0 3.020125389099121
515.0 3.018186092376709
525.0 2.972896099090576
535.0 2.9971811771392822
545.0 3.0081164836883545
555.0 3.001147508621216
565.0 2.9467954635620117
575.0 2.973168134689331
585.0 3.0203776359558105
595.0 2.976857900619507
605.0 2.9510104656219482
615.0 3.041158437728882
625.0 2.971982479095459
635.0 3.0472333431243896
645.0 3.0137200355529785
655.0 2.970695734024048
665.0 2.9825496673583984
675.0 3.0369515419006348
685.0 2.998790740966797
695.0 3.037106513977051
705.0 3.029463768005371
715.0 2.989107847213745
725.0 2.99660062789917
735.0 2.984145164489746
745.0 3.025538682937622
755.0 2.9839398860931396
765.0 3.0858888626098633
775.0 3.0425407886505127
785.0 3.0424487590789795
795.0 3.020275354385376
805.0 2.9966073036193848
815.0 3.0439343452453613
825.0 2.9918694496154785
835.0 3.037692070007324
845.0 2.980884552001953
855.0 3.0709333419799805
865.0 3.0446267127990723
875.0 3.0877676010131836
885.0 3.00984525680542
895.0 3.0617458820343018
905.0 2.9788079261779785
915.0 2.9569664001464844
925.0 3.0104358196258545
935.0 3.0391197204589844
945.0 3.033313274383545
955.0 2.9945907592773438
965.0 2.978229284286499
975.0 2.993525981903076
985.0 2.979362964630127
995.0 2.9644694328308105
1005.0 3.0217490196228027
1015.0 2.956726551055908
1025.0 3.0375452041625977
1035.0 2.9690628051757812
1045.0 3.0332045555114746
1055.0 3.0134730339050293
1065.0 3.036133050918579
1075.0 3.021334171295166
1085.0 3.023733139038086
1095.0 3.0205609798431396
1105.0 3.03518009185791
1115.0 2.9905221462249756
1125.0 3.0223827362060547
1135.0 2.988999128341675
1145.0 3.051027536392212
1155.0 3.1233303546905518
1165.0 3.0463509559631348
1175.0 3.0307564735412598
1185.0 2.9583561420440674
1195.0 2.978543758392334
1205.0 3.013709545135498
1215.0 3.0864627361297607
1225.0 3.0617945194244385
1235.0 3.0054774284362793
1245.0 3.02803897857666
1255.0 3.0150232315063477
1265.0 3.0187668800354004
1275.0 3.0056328773498535
1285.0 2.989565849304199
1295.0 3.0050323009490967
1305.0 3.0286247730255127
1315.0 3.054908275604248
1325.0 3.0080862045288086
1335.0 3.048369884490967
1345.0 3.0589449405670166
1355.0 3.0298244953155518
1365.0 3.0595850944519043
1375.0 3.004993438720703
1385.0 3.0642099380493164
1395.0 3.006364107131958
1405.0 3.029311418533325
1415.0 3.050407648086548
1425.0 2.988025188446045
1435.0 2.996161460876465
1445.0 2.9613494873046875
1455.0 3.0355353355407715
1465.0 3.0388805866241455
1475.0 3.0011582374572754
1485.0 2.953320026397705
1495.0 3.0192627906799316
1505.0 2.9885730743408203
1515.0 3.0108509063720703
1525.0 3.0738048553466797
1535.0 3.070519208908081
1545.0 3.0159120559692383
1555.0 3.0217185020446777
1565.0 3.027770519256592
1575.0 3.033498525619507
1585.0 3.040584087371826
1595.0 3.011805534362793
1605.0 3.0521187782287598
1615.0 3.034636974334717
1625.0 3.019240617752075
1635.0 3.0145263671875
1645.0 3.0103108882904053
1655.0 3.0736944675445557
1665.0 3.050816535949707
1675.0 3.0260002613067627
1685.0 3.000210762023926
1695.0 2.9813427925109863
1705.0 3.0006659030914307
1715.0 2.9583239555358887
1725.0 3.0325114727020264
1735.0 3.0272631645202637
1745.0 3.045104742050171
1755.0 3.0273261070251465
1765.0 3.050621747970581
1775.0 2.982889175415039
1785.0 3.0220093727111816
1795.0 3.047008514404297
1805.0 3.028174638748169
1815.0 3.0106899738311768
1825.0 3.0230841636657715
1835.0 2.987802505493164
1845.0 3.0161266326904297
1855.0 2.9715447425842285
1865.0 3.0081706047058105
1875.0 3.0086653232574463
1885.0 3.0306003093719482
1895.0 3.0093770027160645
1905.0 3.0224828720092773
1915.0 3.0239038467407227
1925.0 2.9724740982055664
1935.0 3.0620691776275635
1945.0 2.9514431953430176
1955.0 3.014296054840088
1965.0 3.0293967723846436
1975.0 3.0448341369628906
1985.0 3.042510747909546
1995.0 2.9445343017578125
2005.0 3.0380592346191406
2015.0 3.000734567642212
2025.0 3.0092573165893555
2035.0 3.059309482574463
2045.0 3.0266830921173096
2055.0 3.051953077316284
2065.0 2.9500246047973633
2075.0 3.024750232696533
2085.0 3.0263519287109375
2095.0 3.0113277435302734
2105.0 2.9697749614715576
2115.0 3.0224802494049072
2125.0 3.0659914016723633
2135.0 3.038499116897583
2145.0 2.9960708618164062
2155.0 3.037829637527466
2165.0 3.0358529090881348
2175.0 3.0281543731689453
2185.0 2.99634051322937
2195.0 3.060060977935791
2205.0 2.9993977546691895
2215.0 3.0512866973876953
2225.0 2.9792518615722656
