5.0 3.919617176055908
15.0 3.871041774749756
25.0 3.796767234802246
35.0 3.7816975116729736
45.0 3.7410311698913574
55.0 3.8468780517578125
65.0 3.8369202613830566
75.0 3.8686294555664062
85.0 3.864946126937866
95.0 3.885929584503174
105.0 3.9182982444763184
115.0 3.9624574184417725
125.0 3.9264116287231445
135.0 3.8304085731506348
145.0 3.8716917037963867
155.0 3.8443171977996826
165.0 3.793470859527588
175.0 3.7825558185577393
185.0 3.9493765830993652
195.0 3.9910950660705566
205.0 3.9238173961639404
215.0 3.8685903549194336
225.0 3.8437869548797607
235.0 3.905423164367676
245.0 3.970928430557251
255.0 3.805572509765625
265.0 3.841182231903076
275.0 3.865161657333374
285.0 3.8626010417938232
295.0 3.841521739959717
305.0 3.8304576873779297
315.0 3.8070719242095947
325.0 3.8170831203460693
335.0 3.8367481231689453
345.0 3.807847499847412
355.0 3.73098087310791
365.0 3.8699371814727783
375.0 4.023105621337891
385.0 3.9858016967773438
395.0 3.937761068344116
405.0 3.8368337154388428
415.0 3.7837376594543457
425.0 3.823514223098755
435.0 3.8884682655334473
445.0 3.964165687561035
455.0 4.004834175109863
465.0 3.927896022796631
475.0 3.8172178268432617
485.0 3.857348680496216
495.0 3.829190254211426
505.0 3.7937798500061035
515.0 3.8393137454986572
525.0 3.9820175170898438
535.0 3.9232068061828613
545.0 3.9430742263793945
555.0 3.9239556789398193
565.0 3.9032301902770996
575.0 3.825597047805786
585.0 3.742818832397461
595.0 3.7768330574035645
605.0 3.849184989929199
615.0 3.8507609367370605
625.0 3.8547706604003906
635.0 3.917546033859253
645.0 3.9196579456329346
655.0 3.882399082183838
665.0 3.8163280487060547
675.0 3.8364553451538086
685.0 3.774015426635742
695.0 3.8331501483917236
705.0 3.867464542388916
715.0 3.9194741249084473
725.0 4.011620044708252
735.0 3.9682044982910156
745.0 3.969386100769043
755.0 3.946173667907715
765.0 3.970568895339966
775.0 3.88899827003479
785.0 3.890124797821045
795.0 3.9338865280151367
805.0 3.9697515964508057
815.0 3.9285356998443604
825.0 3.945824146270752
835.0 3.902480363845825
845.0 3.881120204925537
855.0 3.8846189975738525
865.0 3.8143887519836426
875.0 3.8511083126068115
885.0 3.9258532524108887
895.0 3.9236226081848145
905.0 3.876646041870117
915.0 3.880807876586914
925.0 3.8560986518859863
935.0 3.8796346187591553
945.0 3.937136173248291
955.0 3.8744566440582275
965.0 3.9814233779907227
975.0 3.9355051517486572
985.0 3.7876169681549072
995.0 3.815608501434326
1005.0 3.874645709991455
1015.0 4.027862548828125
1025.0 3.9670209884643555
1035.0 3.9361300468444824
1045.0 3.8201582431793213
1055.0 3.811598300933838
1065.0 3.8462460041046143
1075.0 3.781904697418213
1085.0 3.7528140544891357
1095.0 3.8921446800231934
1105.0 3.8938331604003906
1115.0 3.8902416229248047
1125.0 3.888551950454712
1135.0 3.885226011276245
1145.0 3.94970440864563
1155.0 3.8708510398864746
1165.0 3.9208831787109375
1175.0 3.997133255004883
1185.0 3.777770757675171
1195.0 3.719434976577759
1205.0 3.9248147010803223
1215.0 3.953397512435913
1225.0 3.897728204727173
1235.0 3.9058492183685303
1245.0 3.9267518520355225
1255.0 3.8772175312042236
1265.0 3.8755440711975098
1275.0 3.929508924484253
1285.0 3.821049690246582
1295.0 3.7799057960510254
1305.0 3.8055083751678467
1315.0 3.900808811187744
1325.0 3.9083192348480225
1335.0 3.829353094100952
1345.0 3.881804943084717
1355.0 3.9570209980010986
1365.0 3.8413288593292236
1375.0 3.786500930786133
1385.0 3.8104937076568604
1395.0 3.859874725341797
1405.0 3.7457566261291504
1415.0 3.7656331062316895
1425.0 3.9395322799682617
1435.0 3.8920798301696777
1445.0 3.907369375228882
1455.0 3.8360400199890137
1465.0 3.7887766361236572
1475.0 3.8854751586914062
1485.0 3.8910021781921387
1495.0 3.832834243774414
1505.0 3.794480323791504
1515.0 3.9469804763793945
1525.0 3.856398582458496
1535.0 3.892129421234131
1545.0 3.9791979789733887
1555.0 3.9665780067443848
1565.0 3.887737512588501
1575.0 3.7585744857788086
1585.0 3.871422529220581
1595.0 3.884190082550049
1605.0 3.8184852600097656
1615.0 3.7980403900146484
1625.0 4.030577659606934
1635.0 3.972195625305176
1645.0 3.8763022422790527
1655.0 3.8838510513305664
1665.0 3.852799892425537
1675.0 3.8678319454193115
1685.0 3.827059030532837
1695.0 3.787954330444336
1705.0 3.952523708343506
1715.0 3.9054274559020996
1725.0 3.946049213409424
1735.0 3.8752472400665283
1745.0 3.825582981109619
1755.0 3.882632255554199
1765.0 3.8916101455688477
1775.0 3.974299430847168
1785.0 3.9578816890716553
1795.0 3.9485623836517334
1805.0 3.9336304664611816
1815.0 4.031914234161377
1825.0 3.93251633644104
1835.0 3.7658088207244873
1845.0 3.8077571392059326
1855.0 3.965686321258545
1865.0 3.8219690322875977
1875.0 3.7993569374084473
1885.0 3.8703532218933105
1895.0 3.859769821166992
1905.0 3.8516364097595215
1915.0 3.875732421875
1925.0 3.969362735748291
1935.0 4.045189380645752
1945.0 4.055109977722168
1955.0 3.876173973083496
1965.0 3.728513240814209
1975.0 3.7547712326049805
1985.0 3.8231863975524902
1995.0 3.8808810710906982
2005.0 3.916161060333252
2015.0 3.94549560546875
2025.0 3.972158432006836
2035.0 3.849564552307129
2045.0 3.799170970916748
2055.0 3.8104629516601562
2065.0 3.841535806655884
2075.0 3.8901445865631104
2085.0 3.849759817123413
2095.0 3.8994855880737305
2105.0 3.8867428302764893
2115.0 3.9363951683044434
2125.0 4.011336326599121
2135.0 3.912342071533203
2145.0 3.9371066093444824
2155.0 3.8278770446777344
2165.0 3.9094197750091553
2175.0 3.977832555770874
2185.0 3.9058940410614014
2195.0 3.873939037322998
2205.0 3.866154432296753
2215.0 3.8189847469329834
2225.0 3.873110771179199
