5.0 4.079623699188232
15.0 3.677919626235962
25.0 3.908616304397583
35.0 4.4848785400390625
45.0 4.561872959136963
55.0 4.255251407623291
65.0 4.385637283325195
75.0 3.578416347503662
85.0 3.959474563598633
95.0 4.229791641235352
105.0 4.357853412628174
115.0 3.827599048614502
125.0 4.115560531616211
135.0 3.7308642864227295
145.0 4.038985729217529
155.0 4.003515243530273
165.0 3.7986602783203125
175.0 3.991579532623291
185.0 4.10203218460083
195.0 3.9723997116088867
205.0 3.7314159870147705
215.0 3.947606325149536
225.0 4.024984359741211
235.0 3.9096407890319824
245.0 4.204847812652588
255.0 4.038546562194824
265.0 3.855055809020996
275.0 4.249515056610107
285.0 3.872267484664917
295.0 3.797227144241333
305.0 3.980485677719116
315.0 3.8101813793182373
325.0 4.007723331451416
335.0 4.041986465454102
345.0 3.8343777656555176
355.0 3.8948850631713867
365.0 3.91095232963562
375.0 3.971586227416992
385.0 3.8784165382385254
395.0 4.014714241027832
405.0 3.967533826828003
415.0 3.99664306640625
425.0 4.179760932922363
435.0 4.086801528930664
445.0 3.975553274154663
455.0 4.089756965637207
465.0 3.886763334274292
475.0 3.945070743560791
485.0 3.901193857192993
495.0 4.152392864227295
505.0 4.069669723510742
515.0 3.949531078338623
525.0 3.935014247894287
535.0 3.8446831703186035
545.0 3.856891632080078
555.0 3.8157501220703125
565.0 3.9319117069244385
575.0 3.949751853942871
585.0 4.14102840423584
595.0 3.9791653156280518
605.0 3.995485782623291
615.0 3.9559831619262695
625.0 4.053859233856201
635.0 3.848407030105591
645.0 4.137218475341797
655.0 4.186530113220215
665.0 4.043129920959473
675.0 4.01868200302124
685.0 4.022863864898682
695.0 3.9803614616394043
705.0 3.9776451587677
715.0 3.878399133682251
725.0 4.099428176879883
735.0 3.85958194732666
745.0 3.948418617248535
755.0 4.04890775680542
765.0 4.055232048034668
775.0 4.083250045776367
785.0 3.961092233657837
795.0 3.9972963333129883
805.0 3.828559398651123
815.0 3.987612724304199
825.0 4.146788597106934
835.0 4.11334228515625
845.0 4.039584159851074
855.0 4.128026485443115
865.0 4.029801845550537
875.0 4.173099994659424
885.0 3.9685750007629395
895.0 3.7560737133026123
905.0 4.084573745727539
915.0 4.01704216003418
925.0 4.0050249099731445
935.0 3.9601359367370605
945.0 3.8328418731689453
955.0 4.078335285186768
965.0 4.067998886108398
975.0 3.8602194786071777
985.0 3.9752204418182373
995.0 3.8703453540802
1005.0 4.080456256866455
1015.0 4.071991920471191
1025.0 4.041242599487305
1035.0 3.8363215923309326
1045.0 3.90981125831604
1055.0 3.9715535640716553
1065.0 3.9100656509399414
1075.0 4.129635334014893
1085.0 4.119050025939941
1095.0 3.918980836868286
1105.0 4.000942230224609
1115.0 4.176479339599609
1125.0 4.066949844360352
1135.0 3.992215633392334
1145.0 4.159968376159668
1155.0 4.175434589385986
1165.0 3.8859307765960693
1175.0 4.070796012878418
1185.0 4.0840654373168945
1195.0 3.8743457794189453
1205.0 3.9144747257232666
1215.0 4.0137939453125
1225.0 3.981889247894287
1235.0 3.986304998397827
1245.0 4.068947792053223
1255.0 3.991121768951416
1265.0 3.8384971618652344
1275.0 4.001835823059082
1285.0 3.867377758026123
1295.0 3.9685378074645996
1305.0 3.920699119567871
1315.0 3.8476359844207764
1325.0 4.108191967010498
1335.0 4.0610246658325195
1345.0 4.014980316162109
1355.0 4.031260013580322
1365.0 3.9815454483032227
1375.0 4.010397911071777
1385.0 4.014615535736084
1395.0 3.829944133758545
1405.0 3.958665609359741
1415.0 3.857977867126465
1425.0 3.936556816101074
1435.0 3.9550952911376953
1445.0 3.937124252319336
1455.0 3.9801623821258545
1465.0 4.062191009521484
1475.0 3.9605984687805176
1485.0 3.8487586975097656
1495.0 3.7775158882141113
1505.0 3.990746259689331
1515.0 3.9245760440826416
1525.0 3.891669273376465
1535.0 3.9756765365600586
1545.0 3.9405555725097656
1555.0 4.0163350105285645
1565.0 3.8488552570343018
1575.0 4.181931018829346
1585.0 4.0028815269470215
1595.0 4.174969673156738
1605.0 4.014431476593018
1615.0 4.035065174102783
1625.0 3.977712631225586
1635.0 4.082708358764648
1645.0 3.9002485275268555
1655.0 4.061925411224365
1665.0 4.163834095001221
1675.0 3.969963550567627
1685.0 3.983893394470215
1695.0 4.030288219451904
1705.0 4.1123576164245605
1715.0 4.214455604553223
1725.0 4.0713934898376465
1735.0 3.974194288253784
1745.0 3.948363780975342
1755.0 4.100317001342773
1765.0 3.9130096435546875
1775.0 3.990703582763672
1785.0 3.9243903160095215
1795.0 4.0188093185424805
1805.0 4.036252975463867
1815.0 3.9375863075256348
1825.0 3.843775749206543
1835.0 4.08545446395874
1845.0 4.029665470123291
1855.0 4.033936500549316
1865.0 3.9512317180633545
1875.0 3.7382707595825195
1885.0 3.7593164443969727
1895.0 4.065779209136963
1905.0 4.0019731521606445
1915.0 3.780165672302246
1925.0 3.8767011165618896
1935.0 3.8256356716156006
1945.0 3.528615951538086
1955.0 4.033384323120117
1965.0 3.796055555343628
1975.0 4.013507843017578
1985.0 3.960923910140991
1995.0 3.9187228679656982
2005.0 4.008445739746094
2015.0 4.054935932159424
2025.0 3.873732089996338
2035.0 3.896002769470215
2045.0 3.9780995845794678
2055.0 3.8490383625030518
2065.0 4.063241958618164
2075.0 3.9597320556640625
2085.0 3.857314109802246
2095.0 4.099569320678711
2105.0 3.9157323837280273
2115.0 3.9422006607055664
2125.0 3.955568790435791
2135.0 4.069856643676758
2145.0 3.917572259902954
2155.0 3.964317560195923
2165.0 3.9910173416137695
2175.0 4.016335487365723
2185.0 3.9951629638671875
2195.0 3.9627065658569336
2205.0 3.867870330810547
2215.0 3.983994960784912
2225.0 4.081796169281006
