5.0 4.007511615753174
15.0 3.8758742809295654
25.0 3.7653567790985107
35.0 3.6880788803100586
45.0 3.8351151943206787
55.0 3.643261432647705
65.0 3.4995570182800293
75.0 3.306173086166382
85.0 3.5365381240844727
95.0 3.756654739379883
105.0 3.75603985786438
115.0 3.7564315795898438
125.0 3.682403326034546
135.0 3.898195743560791
145.0 4.012861251831055
155.0 4.025150299072266
165.0 3.935788154602051
175.0 3.8579704761505127
185.0 3.743305206298828
195.0 3.7699975967407227
205.0 3.614316940307617
215.0 3.668055295944214
225.0 3.83912992477417
235.0 3.8234472274780273
245.0 3.9005956649780273
255.0 4.007025241851807
265.0 4.074099540710449
275.0 4.133785724639893
285.0 4.197727680206299
295.0 4.060685634613037
305.0 3.989067792892456
315.0 3.8648781776428223
325.0 3.927995204925537
335.0 3.8022358417510986
345.0 3.920747756958008
355.0 3.898613691329956
365.0 3.945756435394287
375.0 4.055215358734131
385.0 3.9420361518859863
395.0 3.7622389793395996
405.0 3.649216890335083
415.0 3.817913055419922
425.0 3.824747085571289
435.0 3.8967478275299072
445.0 3.785503387451172
455.0 3.7186570167541504
465.0 3.7514986991882324
475.0 3.8018267154693604
485.0 3.9508321285247803
495.0 3.8480818271636963
505.0 3.7382774353027344
515.0 3.7866873741149902
525.0 3.554842472076416
535.0 3.5835695266723633
545.0 3.6462554931640625
555.0 3.417790174484253
565.0 3.67024302482605
575.0 3.870781660079956
585.0 4.117342948913574
595.0 4.306138038635254
605.0 4.070955753326416
615.0 3.761279582977295
625.0 3.953730821609497
635.0 3.727141857147217
645.0 3.8209798336029053
655.0 3.778940439224243
665.0 3.5288424491882324
675.0 3.3096561431884766
685.0 3.387317419052124
695.0 3.924452304840088
705.0 4.075757026672363
715.0 4.098033905029297
725.0 4.079080104827881
735.0 4.043176651000977
745.0 3.8997068405151367
755.0 3.9099507331848145
765.0 3.8864779472351074
775.0 3.580991268157959
785.0 3.5612003803253174
795.0 3.8312244415283203
805.0 3.9261491298675537
815.0 3.6884827613830566
825.0 4.024479866027832
835.0 3.7211856842041016
845.0 4.069695472717285
855.0 3.950014591217041
865.0 3.7183613777160645
875.0 3.910048484802246
885.0 4.0834197998046875
895.0 3.9108052253723145
905.0 3.627809524536133
915.0 4.010922431945801
925.0 4.1928510665893555
935.0 4.066349983215332
945.0 3.781313896179199
955.0 3.7515430450439453
965.0 3.763392925262451
975.0 3.947186231613159
985.0 3.8788256645202637
995.0 3.882906913757324
1005.0 3.8276960849761963
1015.0 3.538724184036255
1025.0 3.6725211143493652
1035.0 3.6568684577941895
1045.0 3.9094772338867188
1055.0 3.7345714569091797
1065.0 3.801412582397461
1075.0 4.098114013671875
1085.0 4.097196578979492
1095.0 4.075504302978516
1105.0 3.9072258472442627
1115.0 4.084044456481934
1125.0 4.030396461486816
1135.0 3.8177342414855957
1145.0 3.3625240325927734
1155.0 3.3783326148986816
1165.0 3.5616092681884766
1175.0 3.416560173034668
1185.0 3.416116714477539
1195.0 3.636747360229492
1205.0 3.823543071746826
1215.0 3.8764455318450928
1225.0 3.8400988578796387
1235.0 3.7643303871154785
1245.0 3.9562418460845947
1255.0 4.0508222579956055
1265.0 4.179193019866943
1275.0 3.9962337017059326
1285.0 3.870335817337036
1295.0 3.888406276702881
1305.0 3.8316750526428223
1315.0 3.6720871925354004
1325.0 4.075693130493164
1335.0 4.042810440063477
1345.0 3.7453925609588623
1355.0 3.815276622772217
1365.0 3.8373897075653076
1375.0 3.848806381225586
1385.0 4.1395368576049805
1395.0 3.854246139526367
1405.0 3.6515064239501953
1415.0 3.7200260162353516
1425.0 3.744309186935425
1435.0 3.852292537689209
1445.0 3.9660561084747314
1455.0 3.9394166469573975
1465.0 4.0327630043029785
1475.0 3.9924161434173584
1485.0 4.046576023101807
1495.0 3.959231376647949
1505.0 3.9823157787323
1515.0 3.7678067684173584
1525.0 3.6296238899230957
1535.0 3.771174430847168
1545.0 3.864347457885742
1555.0 3.6903529167175293
1565.0 3.574657917022705
1575.0 3.6382970809936523
1585.0 3.568101644515991
1595.0 3.510624885559082
1605.0 3.6340110301971436
1615.0 3.640964984893799
1625.0 3.670297145843506
1635.0 3.655362606048584
1645.0 3.8820552825927734
1655.0 3.709911346435547
1665.0 3.619561195373535
1675.0 3.595076084136963
1685.0 3.4987213611602783
1695.0 3.4763994216918945
1705.0 3.3897433280944824
1715.0 3.690699338912964
1725.0 3.7545816898345947
1735.0 3.8006844520568848
1745.0 3.7649669647216797
1755.0 3.9254238605499268
1765.0 3.8785550594329834
1775.0 3.821131944656372
1785.0 3.9058284759521484
1795.0 3.901947021484375
1805.0 3.798549175262451
1815.0 3.946378707885742
1825.0 4.037087440490723
1835.0 4.19252347946167
1845.0 4.245896339416504
1855.0 4.270737648010254
1865.0 4.058322906494141
1875.0 3.9969234466552734
1885.0 4.0692925453186035
1895.0 4.3204121589660645
1905.0 4.584193229675293
1915.0 4.206530570983887
1925.0 4.129828453063965
1935.0 4.170294761657715
1945.0 4.001213550567627
1955.0 3.8312227725982666
1965.0 3.7510156631469727
1975.0 3.6429622173309326
1985.0 3.6578476428985596
1995.0 3.7389469146728516
2005.0 3.68778133392334
2015.0 3.7544775009155273
2025.0 3.803947925567627
2035.0 3.7191057205200195
2045.0 3.7434606552124023
2055.0 3.6556038856506348
2065.0 3.7770442962646484
2075.0 3.793238878250122
2085.0 3.912515163421631
2095.0 3.7572786808013916
2105.0 3.5951335430145264
2115.0 3.617314577102661
2125.0 3.4319705963134766
2135.0 3.5541491508483887
2145.0 3.6411006450653076
2155.0 3.901102066040039
2165.0 3.9579758644104004
2175.0 3.8651535511016846
2185.0 3.9545669555664062
2195.0 3.965721368789673
2205.0 4.014506816864014
2215.0 3.906923770904541
2225.0 4.026115894317627
2235.0 4.103381156921387
2245.0 4.082859992980957
2255.0 3.960357427597046
2265.0 3.8436341285705566
2275.0 3.9327545166015625
2285.0 3.9933533668518066
2295.0 4.058963775634766
2305.0 4.007389545440674
2315.0 3.9988763332366943
2325.0 3.884016513824463
2335.0 3.8892812728881836
2345.0 3.929924249649048
2355.0 4.0551371574401855
2365.0 4.1176347732543945
2375.0 4.104286193847656
2385.0 4.186136245727539
2395.0 4.177485466003418
2405.0 4.146520137786865
2415.0 3.966115713119507
2425.0 4.080258846282959
2435.0 4.125999450683594
2445.0 4.514366626739502
2455.0 4.480634689331055
2465.0 4.300271987915039
2475.0 4.174798965454102
2485.0 4.072227478027344
2495.0 4.230278491973877
2505.0 4.262384414672852
2515.0 4.178311347961426
2525.0 4.259977340698242
2535.0 4.042105674743652
2545.0 3.895047426223755
2555.0 4.0078864097595215
2565.0 4.025980472564697
2575.0 3.893134117126465
2585.0 3.8145296573638916
2595.0 3.79154372215271
2605.0 3.8688507080078125
2615.0 3.982496500015259
2625.0 3.8154520988464355
2635.0 3.8969151973724365
2645.0 3.8108391761779785
2655.0 3.890660285949707
2665.0 3.8206799030303955
2675.0 3.7340073585510254
2685.0 3.8735761642456055
2695.0 4.03245210647583
2705.0 3.956784725189209
2715.0 3.9251506328582764
2725.0 3.974393129348755
2735.0 4.209474563598633
2745.0 4.2183451652526855
2755.0 4.24822998046875
2765.0 4.111085891723633
2775.0 3.988572120666504
2785.0 3.914510726928711
2795.0 3.830598831176758
2805.0 3.8718371391296387
2815.0 3.8323395252227783
2825.0 3.6405606269836426
2835.0 3.733616352081299
2845.0 3.7537646293640137
2855.0 3.894205331802368
2865.0 3.8675835132598877
2875.0 3.8720738887786865
2885.0 4.0325212478637695
2895.0 4.099968433380127
2905.0 4.079463005065918
2915.0 3.849344253540039
2925.0 3.93766188621521
2935.0 3.9202165603637695
2945.0 3.8251328468322754
2955.0 4.080469608306885
2965.0 3.8495562076568604
2975.0 3.737668752670288
2985.0 3.832221031188965
2995.0 3.786461353302002
3005.0 3.957205295562744
3015.0 4.123591423034668
3025.0 3.9851152896881104
3035.0 3.824524402618408
3045.0 3.7750821113586426
3055.0 3.7301676273345947
3065.0 4.008881092071533
3075.0 3.9219412803649902
3085.0 3.849236488342285
3095.0 3.7995903491973877
3105.0 3.8305411338806152
3115.0 3.9749016761779785
3125.0 3.780961275100708
3135.0 3.767019748687744
3145.0 3.8411073684692383
3155.0 3.8050293922424316
3165.0 3.826880693435669
3175.0 3.905024528503418
3185.0 3.8468260765075684
3195.0 3.8345110416412354
3205.0 3.745143175125122
3215.0 3.7922632694244385
3225.0 3.826789379119873
3235.0 3.8204054832458496
3245.0 3.8137881755828857
3255.0 3.4576516151428223
3265.0 3.788506031036377
3275.0 3.8870553970336914
3285.0 3.873819351196289
3295.0 3.9305384159088135
3305.0 3.9302756786346436
3315.0 3.8205244541168213
3325.0 3.8603899478912354
3335.0 3.8387529850006104
