5.0 4.059554100036621
15.0 4.140694618225098
25.0 4.253774166107178
35.0 4.329585552215576
45.0 4.191632270812988
55.0 4.093316555023193
65.0 4.150997161865234
75.0 4.259358882904053
85.0 4.23148775100708
95.0 4.166729927062988
105.0 4.188291549682617
115.0 4.219814300537109
125.0 4.189407825469971
135.0 4.038193702697754
145.0 4.234520435333252
155.0 4.308292865753174
165.0 4.142378330230713
175.0 4.059120178222656
185.0 4.1620635986328125
195.0 4.176458358764648
205.0 4.263216495513916
215.0 4.174866676330566
225.0 4.245154857635498
235.0 4.285739421844482
245.0 4.143065452575684
255.0 4.070102214813232
265.0 4.136672496795654
275.0 4.190066337585449
285.0 4.142181396484375
295.0 4.159732818603516
305.0 4.171081066131592
315.0 4.108770847320557
325.0 4.145256996154785
335.0 4.205471992492676
345.0 4.152894020080566
355.0 4.145193099975586
365.0 4.261898994445801
375.0 4.161787986755371
385.0 4.134525299072266
395.0 4.100708484649658
405.0 4.210593223571777
415.0 4.1468682289123535
425.0 4.187404632568359
435.0 4.170351505279541
445.0 4.196410179138184
455.0 4.160604476928711
465.0 4.126648426055908
475.0 4.095094203948975
485.0 4.089414119720459
495.0 4.191908836364746
505.0 4.185936450958252
515.0 4.18079948425293
525.0 4.19020938873291
535.0 4.165714263916016
545.0 4.186985492706299
555.0 4.17628288269043
565.0 4.158788204193115
575.0 4.189557075500488
585.0 4.15519380569458
595.0 4.155135631561279
605.0 4.136684417724609
615.0 4.165311813354492
625.0 4.136383056640625
635.0 4.152950763702393
645.0 4.133570671081543
655.0 4.154152870178223
665.0 4.166543960571289
675.0 4.143002510070801
685.0 4.152946472167969
695.0 4.144423007965088
705.0 4.164105415344238
715.0 4.150539398193359
725.0 4.149493217468262
735.0 4.180108070373535
745.0 4.1388959884643555
755.0 4.148547649383545
765.0 4.13438081741333
775.0 4.1817755699157715
785.0 4.178213119506836
795.0 4.157296180725098
805.0 4.189824104309082
815.0 4.176204204559326
825.0 4.205844879150391
835.0 4.156543731689453
845.0 4.1240949630737305
855.0 4.159694671630859
865.0 4.164022445678711
875.0 4.146758556365967
885.0 4.130881309509277
895.0 4.197546005249023
905.0 4.160665512084961
915.0 4.169286727905273
925.0 4.1336259841918945
935.0 4.164154052734375
945.0 4.1652607917785645
955.0 4.173187732696533
965.0 4.198123455047607
975.0 4.190730094909668
985.0 4.214937686920166
995.0 4.151458263397217
1005.0 4.138982772827148
1015.0 4.189896583557129
1025.0 4.160286903381348
1035.0 4.144094944000244
1045.0 4.168915271759033
1055.0 4.180897235870361
1065.0 4.16792106628418
1075.0 4.159435749053955
1085.0 4.174646854400635
1095.0 4.203990459442139
1105.0 4.222309112548828
1115.0 4.160255432128906
1125.0 4.125320911407471
1135.0 4.160422325134277
1145.0 4.153530120849609
1155.0 4.1631975173950195
1165.0 4.182390213012695
1175.0 4.122604846954346
1185.0 4.14560079574585
1195.0 4.186921119689941
1205.0 4.208927154541016
1215.0 4.192868232727051
1225.0 4.1792097091674805
1235.0 4.19705057144165
1245.0 4.146205902099609
1255.0 4.175620079040527
1265.0 4.171964645385742
1275.0 4.1913743019104
1285.0 4.191135406494141
1295.0 4.151569366455078
1305.0 4.150915622711182
1315.0 4.1735429763793945
1325.0 4.193576812744141
1335.0 4.182723045349121
1345.0 4.177711486816406
1355.0 4.179991245269775
1365.0 4.167567729949951
1375.0 4.14452600479126
1385.0 4.153707981109619
1395.0 4.146666526794434
1405.0 4.197113513946533
1415.0 4.177916526794434
1425.0 4.1809844970703125
1435.0 4.185901165008545
1445.0 4.156534194946289
1455.0 4.123356342315674
1465.0 4.149651050567627
1475.0 4.161548137664795
1485.0 4.184321403503418
1495.0 4.20002555847168
1505.0 4.1705827713012695
1515.0 4.184422492980957
1525.0 4.162817001342773
1535.0 4.155268669128418
1545.0 4.179462909698486
1555.0 4.17817497253418
1565.0 4.197777271270752
1575.0 4.164347171783447
1585.0 4.146854400634766
1595.0 4.174083232879639
1605.0 4.194126129150391
1615.0 4.1881489753723145
1625.0 4.152658462524414
1635.0 4.133752822875977
1645.0 4.168051242828369
1655.0 4.197174549102783
1665.0 4.2189202308654785
1675.0 4.191825866699219
1685.0 4.1693878173828125
1695.0 4.203719139099121
1705.0 4.182511329650879
1715.0 4.167088985443115
1725.0 4.156383514404297
1735.0 4.187401294708252
1745.0 4.152069091796875
1755.0 4.173144340515137
1765.0 4.20646858215332
1775.0 4.199236869812012
1785.0 4.187714099884033
1795.0 4.203589916229248
1805.0 4.181478023529053
1815.0 4.182611465454102
1825.0 4.1884379386901855
1835.0 4.147170066833496
1845.0 4.165277481079102
1855.0 4.169952392578125
1865.0 4.185957431793213
1875.0 4.144689083099365
1885.0 4.139634609222412
1895.0 4.180036544799805
1905.0 4.164641857147217
1915.0 4.19620943069458
1925.0 4.211120128631592
1935.0 4.206883907318115
1945.0 4.186253070831299
1955.0 4.1922149658203125
1965.0 4.202436447143555
1975.0 4.157369136810303
1985.0 4.166053771972656
1995.0 4.190653324127197
2005.0 4.172004699707031
2015.0 4.164714813232422
2025.0 4.142075538635254
2035.0 4.152739524841309
2045.0 4.159947872161865
2055.0 4.1523847579956055
2065.0 4.129354953765869
2075.0 4.213356018066406
2085.0 4.146121978759766
2095.0 4.188198089599609
2105.0 4.170351505279541
2115.0 4.128252983093262
2125.0 4.160604953765869
2135.0 4.153659820556641
2145.0 4.131997108459473
2155.0 4.162914276123047
2165.0 4.187900066375732
2175.0 4.185743808746338
2185.0 4.18231201171875
2195.0 4.177072048187256
2205.0 4.1607666015625
2215.0 4.1573004722595215
2225.0 4.166228771209717
