5.0 4.058443546295166
15.0 4.088618755340576
25.0 4.230505466461182
35.0 4.444450378417969
45.0 4.5842719078063965
55.0 4.651975154876709
65.0 4.6024627685546875
75.0 4.4997053146362305
85.0 4.218823432922363
95.0 4.124870300292969
105.0 4.1176605224609375
115.0 4.047161102294922
125.0 4.092950344085693
135.0 4.148900032043457
145.0 4.214864730834961
155.0 4.149357795715332
165.0 4.313274383544922
175.0 4.305880069732666
185.0 4.294851779937744
195.0 4.419039726257324
205.0 4.422300338745117
215.0 4.293643951416016
225.0 4.277599811553955
235.0 4.3511810302734375
245.0 4.230186462402344
255.0 3.931079626083374
265.0 3.969576835632324
275.0 3.7854866981506348
285.0 3.883913516998291
295.0 4.176102638244629
305.0 4.146061420440674
315.0 4.392057418823242
325.0 4.19657039642334
335.0 4.26777458190918
345.0 4.260503768920898
355.0 4.296877861022949
365.0 4.436753273010254
375.0 4.342083930969238
385.0 4.267512798309326
395.0 4.264288425445557
405.0 4.335397720336914
415.0 4.232908725738525
425.0 4.0176215171813965
435.0 3.8878133296966553
445.0 3.881312608718872
455.0 4.227717399597168
465.0 4.406155109405518
475.0 4.384452819824219
485.0 4.310090065002441
495.0 4.279366970062256
505.0 4.16281795501709
515.0 4.244344234466553
525.0 4.432316780090332
535.0 4.513455390930176
545.0 4.370565414428711
555.0 4.5157012939453125
565.0 4.355487823486328
575.0 4.305174827575684
585.0 4.331110954284668
595.0 4.2898969650268555
605.0 4.230754852294922
615.0 4.155241966247559
625.0 4.12516975402832
635.0 4.011385917663574
645.0 4.062219142913818
655.0 4.148617267608643
665.0 4.309903621673584
675.0 4.632584095001221
685.0 4.641428470611572
695.0 4.478238105773926
705.0 4.209357738494873
715.0 4.019288539886475
725.0 4.094465255737305
735.0 4.152373790740967
745.0 4.145450592041016
755.0 4.228728294372559
765.0 4.218304634094238
775.0 4.15202522277832
785.0 4.207207202911377
795.0 4.181789398193359
805.0 4.251391410827637
815.0 4.288478851318359
825.0 4.251718044281006
835.0 4.1669816970825195
845.0 4.450847625732422
855.0 4.614808559417725
865.0 4.548001766204834
875.0 4.485438823699951
885.0 4.442976951599121
895.0 4.427220821380615
905.0 4.37520170211792
915.0 4.152334690093994
925.0 4.064386367797852
935.0 3.956714391708374
945.0 3.9733617305755615
955.0 4.1004533767700195
965.0 4.157158851623535
975.0 4.147433757781982
985.0 4.4580078125
995.0 4.632152080535889
1005.0 4.715897560119629
1015.0 4.6372785568237305
1025.0 4.310365676879883
1035.0 4.087080478668213
1045.0 4.143283843994141
1055.0 4.111262798309326
1065.0 4.123159408569336
1075.0 4.225298881530762
1085.0 4.2733588218688965
1095.0 4.1732072830200195
1105.0 4.138078689575195
1115.0 4.192559719085693
1125.0 4.294818878173828
1135.0 4.550889492034912
1145.0 4.82969856262207
1155.0 4.743272304534912
1165.0 4.6788740158081055
1175.0 4.444929122924805
1185.0 4.304988384246826
1195.0 4.007977485656738
1205.0 3.974287509918213
1215.0 3.8987183570861816
1225.0 4.017509937286377
1235.0 4.275905609130859
1245.0 4.469381332397461
1255.0 4.329038143157959
1265.0 4.302089214324951
1275.0 4.25645637512207
1285.0 4.173245429992676
1295.0 4.140533447265625
1305.0 4.197498321533203
1315.0 4.346121788024902
1325.0 4.20538854598999
1335.0 4.188604354858398
1345.0 4.3348307609558105
1355.0 4.299009799957275
1365.0 4.341142654418945
1375.0 4.3878326416015625
1385.0 4.270847320556641
1395.0 4.1050615310668945
1405.0 4.187795639038086
1415.0 4.319772720336914
1425.0 4.405257701873779
1435.0 4.268568515777588
1445.0 4.132235527038574
1455.0 4.0811872482299805
1465.0 3.901590347290039
1475.0 3.9609382152557373
1485.0 3.945189952850342
1495.0 4.169898509979248
1505.0 4.33239221572876
1515.0 4.337342262268066
1525.0 4.305446624755859
1535.0 4.1048264503479
1545.0 4.118088722229004
1555.0 4.055384159088135
1565.0 4.271322250366211
1575.0 4.339589595794678
1585.0 4.265182018280029
1595.0 4.113084316253662
1605.0 4.0763020515441895
1615.0 3.9554665088653564
1625.0 3.8457303047180176
1635.0 3.877267360687256
1645.0 3.8578872680664062
1655.0 4.023697853088379
1665.0 4.412029266357422
1675.0 4.407601356506348
1685.0 4.373456954956055
1695.0 4.283755302429199
1705.0 4.352219581604004
1715.0 4.245250225067139
1725.0 4.3784894943237305
1735.0 4.448249816894531
1745.0 4.45177698135376
1755.0 4.403579235076904
1765.0 4.116074562072754
1775.0 4.150406837463379
1785.0 4.024690628051758
1795.0 4.131547927856445
1805.0 4.103837013244629
1815.0 4.161311149597168
1825.0 4.146570205688477
1835.0 4.177595138549805
1845.0 4.17641019821167
1855.0 4.2874860763549805
1865.0 4.324501037597656
1875.0 4.41787576675415
1885.0 4.670769691467285
1895.0 4.558781147003174
1905.0 4.409241199493408
1915.0 4.124390125274658
1925.0 3.992361068725586
1935.0 3.9891788959503174
1945.0 4.097058296203613
1955.0 4.241539001464844
1965.0 4.214288711547852
1975.0 4.201693058013916
1985.0 4.2241034507751465
1995.0 4.192171096801758
2005.0 4.2491679191589355
2015.0 4.397488594055176
2025.0 4.336853981018066
2035.0 4.3177995681762695
2045.0 4.267614841461182
2055.0 4.128138065338135
2065.0 4.042593002319336
2075.0 4.144491672515869
2085.0 4.037078857421875
2095.0 4.0505170822143555
2105.0 4.174345016479492
2115.0 4.277237892150879
2125.0 4.1946120262146
2135.0 4.103152751922607
2145.0 4.122372627258301
2155.0 4.418410301208496
2165.0 4.519362926483154
2175.0 4.55448579788208
2185.0 4.285374164581299
2195.0 4.358250617980957
2205.0 4.159626483917236
2215.0 3.9174106121063232
2225.0 3.820629119873047
2235.0 3.8005518913269043
2245.0 3.925776481628418
2255.0 4.233729362487793
2265.0 4.338886260986328
2275.0 4.389858722686768
2285.0 4.568140029907227
2295.0 4.501028537750244
2305.0 4.3928680419921875
2315.0 4.3510284423828125
2325.0 4.327587604522705
2335.0 4.1061248779296875
2345.0 4.236171245574951
2355.0 4.281649589538574
2365.0 4.120938301086426
2375.0 4.007831573486328
2385.0 3.9219141006469727
2395.0 3.892354965209961
2405.0 4.052788734436035
2415.0 4.126562118530273
2425.0 4.168159008026123
2435.0 4.117419719696045
2445.0 4.086212158203125
2455.0 4.009117603302002
2465.0 4.079748153686523
2475.0 4.1755900382995605
2485.0 4.258909225463867
2495.0 4.193199634552002
2505.0 4.21652889251709
2515.0 4.312034606933594
2525.0 4.156142234802246
2535.0 4.123978614807129
2545.0 3.931440591812134
2555.0 4.090384483337402
2565.0 4.017187118530273
2575.0 3.9417643547058105
2585.0 3.897829055786133
2595.0 4.075818061828613
2605.0 4.251473903656006
2615.0 4.373965263366699
2625.0 4.592618942260742
2635.0 4.500860691070557
2645.0 4.554047107696533
2655.0 4.349638938903809
2665.0 4.223628997802734
2675.0 4.232131481170654
2685.0 4.148293972015381
2695.0 4.133037567138672
2705.0 4.037297248840332
2715.0 4.039498329162598
2725.0 4.1033477783203125
2735.0 3.9686737060546875
2745.0 4.022344589233398
2755.0 4.112251281738281
2765.0 4.143824100494385
2775.0 4.295322418212891
2785.0 4.400719165802002
2795.0 4.635480880737305
2805.0 4.496293067932129
2815.0 4.339118957519531
2825.0 4.176331043243408
2835.0 3.899615526199341
2845.0 3.8625082969665527
2855.0 3.811391830444336
2865.0 3.8539886474609375
2875.0 4.016648292541504
2885.0 4.083927631378174
2895.0 4.2067718505859375
2905.0 4.358767509460449
2915.0 4.347875118255615
2925.0 4.151261329650879
2935.0 4.074953079223633
2945.0 4.146986961364746
2955.0 4.02385139465332
2965.0 4.08609676361084
2975.0 4.203638076782227
2985.0 4.258044719696045
2995.0 4.463388442993164
3005.0 4.327638626098633
3015.0 4.215904235839844
3025.0 4.253293514251709
3035.0 3.98832106590271
3045.0 3.920614719390869
3055.0 3.9267773628234863
3065.0 4.243330955505371
3075.0 4.319782733917236
3085.0 4.455060958862305
3095.0 4.501314163208008
3105.0 4.296236038208008
3115.0 4.3354973793029785
3125.0 4.188272476196289
3135.0 4.161838054656982
3145.0 4.185513019561768
3155.0 4.127146244049072
3165.0 4.002238750457764
3175.0 4.005227565765381
3185.0 4.041492462158203
3195.0 4.098132133483887
3205.0 4.229385852813721
3215.0 4.313255786895752
3225.0 4.317293167114258
3235.0 4.337430000305176
3245.0 4.286181926727295
3255.0 4.189167022705078
3265.0 4.077295303344727
3275.0 4.004292011260986
3285.0 4.086476802825928
3295.0 4.130365371704102
3305.0 4.299600601196289
3315.0 4.288002014160156
3325.0 4.155714511871338
3335.0 4.045097827911377
3345.0 3.9391016960144043
