5.0 3.5270612239837646
15.0 3.569443464279175
25.0 3.6372342109680176
35.0 3.507624626159668
45.0 3.599391222000122
55.0 3.649524211883545
65.0 3.5658371448516846
75.0 3.5830514430999756
85.0 3.5984253883361816
95.0 3.555389642715454
105.0 3.611337184906006
115.0 3.4265353679656982
125.0 3.4326024055480957
135.0 3.3238468170166016
145.0 3.3493032455444336
155.0 3.4037959575653076
165.0 3.1344587802886963
175.0 3.114515781402588
185.0 3.254746675491333
195.0 3.3168909549713135
205.0 3.3449478149414062
215.0 3.447711706161499
225.0 3.568624258041382
235.0 3.5504016876220703
245.0 3.469221591949463
255.0 3.3336381912231445
265.0 3.4906654357910156
275.0 3.424726963043213
285.0 3.494291305541992
295.0 3.479973793029785
305.0 3.5843570232391357
315.0 3.5139713287353516
325.0 3.521266460418701
335.0 3.4921176433563232
345.0 3.6106197834014893
355.0 3.526810646057129
365.0 3.3021299839019775
375.0 3.3071017265319824
385.0 3.5933802127838135
395.0 3.60892915725708
405.0 3.4278011322021484
415.0 3.338104486465454
425.0 3.447819948196411
435.0 3.330564260482788
445.0 3.2785909175872803
455.0 3.2897303104400635
465.0 3.2112619876861572
475.0 3.316577434539795
485.0 3.4426209926605225
495.0 3.50860857963562
505.0 3.6107051372528076
515.0 3.745222568511963
525.0 3.3922410011291504
535.0 3.273132801055908
545.0 3.6809229850769043
555.0 3.7570903301239014
565.0 3.5852086544036865
575.0 3.7081713676452637
585.0 3.6376829147338867
595.0 3.7637903690338135
605.0 3.5290236473083496
615.0 3.3448567390441895
625.0 3.2509613037109375
635.0 3.344172477722168
645.0 3.3516039848327637
655.0 3.5324547290802
665.0 3.5923120975494385
675.0 3.461519718170166
685.0 3.440598249435425
695.0 3.300358772277832
705.0 3.3097481727600098
715.0 3.2143399715423584
725.0 3.237710475921631
735.0 3.412160873413086
745.0 3.4893431663513184
755.0 3.455636501312256
765.0 3.4526586532592773
775.0 3.562593460083008
785.0 3.697744369506836
795.0 3.591266632080078
805.0 3.599222421646118
815.0 3.6822290420532227
825.0 3.7468581199645996
835.0 3.659508228302002
845.0 3.545334815979004
855.0 3.4056646823883057
865.0 3.4245622158050537
875.0 3.474217414855957
885.0 3.3121800422668457
895.0 3.4778480529785156
905.0 3.466597080230713
915.0 3.451669216156006
925.0 3.488428831100464
935.0 3.5395448207855225
945.0 3.5162034034729004
955.0 3.447159767150879
965.0 3.394819498062134
975.0 3.3174760341644287
985.0 3.3770105838775635
995.0 3.4249696731567383
1005.0 3.365783929824829
1015.0 3.252795457839966
1025.0 3.4426839351654053
1035.0 3.394078254699707
1045.0 3.5653977394104004
1055.0 3.6094298362731934
1065.0 3.6127991676330566
1075.0 3.316920757293701
1085.0 3.1893513202667236
1095.0 3.2988948822021484
1105.0 3.353428363800049
1115.0 3.472529411315918
1125.0 3.3701701164245605
1135.0 3.4553802013397217
1145.0 3.3297643661499023
1155.0 3.363128423690796
1165.0 3.172426700592041
1175.0 3.077913999557495
1185.0 3.5691821575164795
1195.0 3.6385955810546875
1205.0 3.7963457107543945
1215.0 3.6048049926757812
1225.0 3.3768367767333984
1235.0 3.295866012573242
1245.0 3.207733631134033
1255.0 3.469189167022705
1265.0 3.4915754795074463
1275.0 3.331266164779663
1285.0 3.450129508972168
1295.0 3.5227608680725098
1305.0 3.571812391281128
1315.0 3.7242605686187744
1325.0 3.3911004066467285
1335.0 3.210718870162964
1345.0 3.250836133956909
1355.0 3.253662347793579
1365.0 3.3277511596679688
1375.0 3.617001533508301
1385.0 3.651425838470459
1395.0 3.6541056632995605
1405.0 3.610020399093628
1415.0 3.515026807785034
1425.0 3.3501861095428467
1435.0 3.328364849090576
1445.0 3.4245874881744385
1455.0 3.480997085571289
1465.0 3.6160361766815186
1475.0 3.559325695037842
1485.0 3.5597476959228516
1495.0 3.5023624897003174
1505.0 3.5406479835510254
1515.0 3.584411859512329
1525.0 3.658543586730957
1535.0 3.520782709121704
1545.0 3.338207960128784
1555.0 3.273864507675171
1565.0 3.432629346847534
1575.0 3.551833391189575
1585.0 3.5124311447143555
1595.0 3.3061139583587646
1605.0 3.3202826976776123
1615.0 3.3302106857299805
1625.0 3.29217529296875
1635.0 3.523129463195801
1645.0 3.6127843856811523
1655.0 3.551323890686035
1665.0 3.5253424644470215
1675.0 3.3146045207977295
1685.0 3.3938233852386475
1695.0 3.4034154415130615
1705.0 3.533632755279541
1715.0 3.516883611679077
1725.0 3.5467307567596436
1735.0 3.47061824798584
1745.0 3.5123445987701416
1755.0 3.4826767444610596
1765.0 3.547478199005127
1775.0 3.34675669670105
1785.0 3.519171714782715
1795.0 3.507061004638672
1805.0 3.7468481063842773
1815.0 3.517634868621826
1825.0 3.630835771560669
1835.0 3.4816489219665527
1845.0 3.2837512493133545
1855.0 3.3576183319091797
1865.0 3.443835496902466
1875.0 3.3326849937438965
1885.0 3.301969528198242
1895.0 3.4954628944396973
1905.0 3.5067803859710693
1915.0 3.497866630554199
1925.0 3.522531032562256
1935.0 3.3867526054382324
1945.0 3.205488920211792
1955.0 3.311683177947998
1965.0 3.406400442123413
1975.0 3.421541929244995
1985.0 3.5830862522125244
1995.0 3.7137670516967773
2005.0 3.6989963054656982
2015.0 3.6655144691467285
2025.0 3.573667049407959
2035.0 3.647073268890381
2045.0 3.6968724727630615
2055.0 3.584649085998535
2065.0 3.485426664352417
2075.0 3.4853761196136475
2085.0 3.398090362548828
2095.0 3.3270299434661865
2105.0 3.213315486907959
2115.0 3.402280330657959
2125.0 3.5426645278930664
2135.0 3.525192975997925
2145.0 3.396656036376953
2155.0 3.3134756088256836
2165.0 3.4010140895843506
2175.0 3.5162947177886963
2185.0 3.3267221450805664
2195.0 3.313839912414551
2205.0 3.4699864387512207
2215.0 3.2969017028808594
2225.0 3.4242351055145264
2235.0 3.4124250411987305
2245.0 3.3798928260803223
2255.0 3.343743324279785
2265.0 3.213566780090332
2275.0 3.2584009170532227
2285.0 3.2286808490753174
2295.0 3.4074320793151855
2305.0 3.5000109672546387
2315.0 3.4757847785949707
2325.0 3.383340358734131
2335.0 3.462001323699951
2345.0 3.332725763320923
2355.0 3.344670534133911
2365.0 3.5575850009918213
2375.0 3.6131014823913574
2385.0 3.6059255599975586
2395.0 3.3972744941711426
2405.0 3.4998486042022705
2415.0 3.4104907512664795
2425.0 3.6151700019836426
2435.0 3.5209503173828125
2445.0 3.3799097537994385
2455.0 3.26931095123291
2465.0 3.0880849361419678
2475.0 3.33697509765625
2485.0 3.4821884632110596
2495.0 3.47611403465271
2505.0 3.3794288635253906
2515.0 3.325166940689087
2525.0 3.4712867736816406
2535.0 3.7003040313720703
2545.0 3.5242180824279785
2555.0 3.507227659225464
2565.0 3.464728832244873
2575.0 3.1126389503479004
2585.0 3.128411293029785
2595.0 3.2925267219543457
2605.0 3.3247427940368652
2615.0 3.455543279647827
2625.0 3.6141533851623535
2635.0 3.565426826477051
2645.0 3.463773012161255
2655.0 3.332388162612915
2665.0 3.3613181114196777
2675.0 3.281041145324707
2685.0 3.417377471923828
2695.0 3.4531400203704834
2705.0 3.479703903198242
2715.0 3.350038528442383
2725.0 3.304929733276367
2735.0 3.2712152004241943
2745.0 3.5516059398651123
2755.0 3.5993852615356445
2765.0 3.452929735183716
2775.0 3.1463119983673096
2785.0 2.9371931552886963
2795.0 3.0780997276306152
2805.0 3.4321165084838867
2815.0 3.5448403358459473
2825.0 3.5471553802490234
2835.0 3.5405941009521484
2845.0 3.537606716156006
2855.0 3.5101027488708496
2865.0 3.6774206161499023
2875.0 3.722818374633789
2885.0 3.6324820518493652
2895.0 3.596008062362671
2905.0 3.433586597442627
2915.0 3.3655846118927
2925.0 3.4898219108581543
2935.0 3.681565999984741
2945.0 3.5971462726593018
2955.0 3.5372233390808105
2965.0 3.4448556900024414
2975.0 3.403428554534912
2985.0 3.3840065002441406
2995.0 3.3643319606781006
3005.0 3.2325990200042725
3015.0 3.5065150260925293
3025.0 3.438838005065918
3035.0 3.525916814804077
3045.0 3.4294822216033936
3055.0 3.4109981060028076
3065.0 3.2566721439361572
3075.0 3.313281536102295
3085.0 3.3020358085632324
3095.0 3.415168523788452
3105.0 3.4533753395080566
3115.0 3.5099916458129883
3125.0 3.703800678253174
3135.0 3.4451425075531006
3145.0 3.5469446182250977
3155.0 3.4078903198242188
3165.0 3.4335925579071045
3175.0 3.40830135345459
3185.0 3.434124231338501
3195.0 3.4880123138427734
3205.0 3.3785791397094727
3215.0 3.5006399154663086
3225.0 3.423333168029785
3235.0 3.3797760009765625
3245.0 3.501704692840576
3255.0 3.494845390319824
3265.0 3.6398086547851562
3275.0 3.5800769329071045
3285.0 3.3870131969451904
3295.0 3.2592432498931885
3305.0 3.1742501258850098
3315.0 3.4576849937438965
3325.0 3.5223686695098877
3335.0 3.534498691558838
