5.0 4.463371276855469
15.0 4.219552040100098
25.0 4.343596458435059
35.0 4.108431816101074
45.0 3.8883934020996094
55.0 4.175996780395508
65.0 3.9245705604553223
75.0 4.003020286560059
85.0 3.916640281677246
95.0 4.132054805755615
105.0 4.320337295532227
115.0 4.412788391113281
125.0 4.54054069519043
135.0 4.542008399963379
145.0 4.715875148773193
155.0 4.377946853637695
165.0 4.3224029541015625
175.0 4.309659957885742
185.0 4.154158115386963
195.0 4.089293956756592
205.0 4.180081844329834
215.0 4.173647880554199
225.0 4.058966636657715
235.0 4.221037864685059
245.0 4.273202896118164
255.0 4.187342643737793
265.0 4.246576309204102
275.0 4.420054912567139
285.0 4.288153648376465
295.0 4.3525309562683105
305.0 4.290210723876953
315.0 4.206203460693359
325.0 4.1017255783081055
335.0 3.9583139419555664
345.0 3.909083604812622
355.0 3.8736581802368164
365.0 3.9483118057250977
375.0 4.038416862487793
385.0 4.139216899871826
395.0 4.433351039886475
405.0 4.417940139770508
415.0 4.378999710083008
425.0 4.357423305511475
435.0 4.265055179595947
445.0 4.450826644897461
455.0 4.2622833251953125
465.0 4.244288921356201
475.0 4.404519557952881
485.0 4.202329635620117
495.0 4.25743293762207
505.0 4.221963882446289
515.0 4.152047157287598
525.0 4.07411527633667
535.0 3.856504201889038
545.0 3.928476572036743
555.0 4.0632829666137695
565.0 4.125797271728516
575.0 4.075531482696533
585.0 3.885993242263794
595.0 3.965944528579712
605.0 4.013446807861328
615.0 4.266821384429932
625.0 4.298572063446045
635.0 4.205142974853516
645.0 4.642571449279785
655.0 4.373984336853027
665.0 4.2308125495910645
675.0 4.299554824829102
685.0 4.301810264587402
695.0 4.282256603240967
705.0 4.2285847663879395
715.0 4.251376152038574
725.0 4.249143123626709
735.0 4.18126106262207
745.0 3.985428810119629
755.0 3.8684940338134766
765.0 3.961665391921997
775.0 4.23878288269043
785.0 4.172417640686035
795.0 4.333444595336914
805.0 4.320510387420654
815.0 4.3086724281311035
825.0 4.399058818817139
835.0 4.328938961029053
845.0 4.324991226196289
855.0 4.016077995300293
865.0 4.167827606201172
875.0 4.228114128112793
885.0 4.238354206085205
895.0 4.200802326202393
905.0 4.156887531280518
915.0 4.135309219360352
925.0 35767
935.0 4.030158519744873
945.0 4.195842266082764
955.0 4.100252628326416
965.0 4.081153869628906
975.0 4.106543064117432
985.0 4.163278579711914
995.0 35767
1005.0 4.105242729187012
1015.0 4.0942792892456055
1025.0 3.994549512863159
1035.0 4.08328914642334
1045.0 4.054415702819824
1055.0 4.234807968139648
1065.0 4.22721004486084
1075.0 4.282832145690918
1085.0 4.171280860900879
1095.0 4.045448303222656
1105.0 4.11053466796875
1115.0 4.086347579956055
1125.0 3.967466354370117
1135.0 3.9115281105041504
1145.0 3.9761979579925537
1155.0 3.9409241676330566
1165.0 4.10776948928833
1175.0 3.9926576614379883
1185.0 4.222628593444824
1195.0 4.282072067260742
1205.0 4.223338603973389
1215.0 4.157812118530273
1225.0 4.008995056152344
1235.0 4.173199653625488
1245.0 3.9583144187927246
1255.0 4.0497331619262695
1265.0 4.122114181518555
1275.0 4.191680908203125
1285.0 4.217313766479492
1295.0 4.304961204528809
1305.0 4.216759204864502
1315.0 4.230708599090576
1325.0 4.181044578552246
1335.0 4.2502264976501465
1345.0 4.177493095397949
1355.0 4.165101051330566
1365.0 4.099199295043945
1375.0 4.028074741363525
1385.0 4.150594711303711
1395.0 3.852935552597046
1405.0 4.14739465713501
1415.0 4.168985843658447
1425.0 4.033979892730713
1435.0 3.973801851272583
1445.0 4.111861705780029
1455.0 3.9795360565185547
1465.0 4.243974685668945
1475.0 4.307797431945801
1485.0 4.162672519683838
1495.0 4.088046550750732
1505.0 4.023782730102539
1515.0 3.9445810317993164
1525.0 3.910571575164795
1535.0 4.083947658538818
1545.0 4.264841079711914
1555.0 4.0926923751831055
1565.0 4.138047218322754
1575.0 4.150590896606445
1585.0 4.222190856933594
1595.0 4.078610420227051
1605.0 4.25132417678833
1615.0 4.116905212402344
1625.0 4.151939392089844
1635.0 4.126365661621094
1645.0 4.117560386657715
1655.0 4.236574649810791
1665.0 4.372542858123779
1675.0 4.347830772399902
1685.0 4.382448673248291
1695.0 4.333556652069092
1705.0 4.290951728820801
1715.0 4.229645729064941
1725.0 4.181586742401123
1735.0 4.2241716384887695
1745.0 4.200991630554199
1755.0 4.059700965881348
1765.0 4.108412742614746
1775.0 4.023916721343994
1785.0 4.1332879066467285
1795.0 4.120724678039551
1805.0 3.986767530441284
1815.0 4.284979820251465
1825.0 4.134410858154297
1835.0 4.004969596862793
1845.0 4.118100166320801
1855.0 4.273308753967285
1865.0 4.028975009918213
1875.0 3.9816935062408447
1885.0 3.973184585571289
1895.0 3.8657381534576416
1905.0 4.154740333557129
1915.0 4.173299312591553
1925.0 4.245685577392578
1935.0 4.225436687469482
1945.0 4.253803253173828
1955.0 4.242459297180176
1965.0 4.266119003295898
1975.0 4.349002838134766
1985.0 4.45850944519043
1995.0 4.335367202758789
2005.0 4.3795905113220215
2015.0 4.426878929138184
2025.0 4.235543727874756
2035.0 4.182129859924316
2045.0 4.212149143218994
2055.0 4.339506149291992
2065.0 4.330785751342773
2075.0 4.391446113586426
2085.0 4.437325954437256
2095.0 4.208302974700928
2105.0 4.155751705169678
2115.0 4.042954444885254
2125.0 4.110053539276123
2135.0 4.093999862670898
2145.0 4.213596343994141
2155.0 4.245723247528076
2165.0 4.202923774719238
2175.0 4.206987380981445
2185.0 4.122654914855957
2195.0 4.248115539550781
2205.0 4.189325332641602
2215.0 4.065385341644287
2225.0 4.239391803741455
2235.0 4.260096549987793
2245.0 4.217495918273926
2255.0 4.279202938079834
2265.0 4.4108567237854
2275.0 4.332472801208496
2285.0 4.1476287841796875
2295.0 3.9365453720092773
2305.0 4.012396335601807
2315.0 4.180984020233154
2325.0 3.9735159873962402
2335.0 4.11276388168335
2345.0 4.295546054840088
2355.0 4.29103946685791
2365.0 4.3272881507873535
2375.0 4.490586280822754
2385.0 4.426970481872559
2395.0 4.303003787994385
2405.0 4.283392429351807
2415.0 4.3653645515441895
2425.0 4.188854217529297
2435.0 4.039201259613037
2445.0 3.9241652488708496
2455.0 4.078285217285156
2465.0 4.276463508605957
2475.0 4.2389984130859375
2485.0 4.1705427169799805
2495.0 3.960094928741455
2505.0 4.019057750701904
2515.0 4.139912128448486
2525.0 4.183826446533203
2535.0 4.14042854309082
2545.0 4.217503547668457
2555.0 4.206066131591797
2565.0 4.106505870819092
2575.0 4.006372451782227
2585.0 4.221838474273682
2595.0 4.111478805541992
2605.0 4.24134635925293
2615.0 4.328906059265137
2625.0 3.9564385414123535
2635.0 4.202418804168701
2645.0 4.126084327697754
2655.0 4.054023742675781
2665.0 4.107804298400879
2675.0 4.118678092956543
2685.0 4.307178974151611
2695.0 4.211575984954834
2705.0 4.423661708831787
2715.0 4.332270622253418
2725.0 4.224340915679932
2735.0 4.241815090179443
2745.0 4.33052921295166
2755.0 4.189525127410889
2765.0 4.109384059906006
2775.0 3.857865810394287
2785.0 4.275717258453369
2795.0 4.003044128417969
2805.0 4.153648376464844
2815.0 3.982990264892578
2825.0 4.09326171875
2835.0 3.9763007164001465
2845.0 4.0734543800354
2855.0 3.984966993331909
2865.0 4.036238670349121
2875.0 4.156425476074219
2885.0 4.123318672180176
2895.0 4.071722030639648
2905.0 4.204128265380859
2915.0 4.294000625610352
2925.0 4.411899089813232
2935.0 4.177520751953125
2945.0 4.175474166870117
2955.0 4.116929054260254
2965.0 4.263349533081055
2975.0 4.319620132446289
2985.0 4.24647331237793
2995.0 4.132470607757568
3005.0 4.159585952758789
3015.0 4.368427753448486
3025.0 4.268566608428955
3035.0 4.296868801116943
3045.0 4.116905212402344
3055.0 4.182372093200684
3065.0 4.396726608276367
3075.0 4.293254375457764
3085.0 4.295788764953613
3095.0 4.037996292114258
3105.0 4.23045539855957
3115.0 4.056600093841553
3125.0 3.9946420192718506
3135.0 4.047826766967773
3145.0 4.038167953491211
3155.0 3.9547672271728516
3165.0 3.754974842071533
3175.0 3.9174551963806152
3185.0 4.058091163635254
3195.0 4.129141807556152
3205.0 4.04694938659668
3215.0 4.248941898345947
3225.0 4.213321685791016
3235.0 4.3231587409973145
3245.0 4.139697074890137
3255.0 4.014955520629883
3265.0 4.066282749176025
3275.0 4.192299842834473
3285.0 4.191616058349609
3295.0 4.356405735015869
3305.0 4.381092071533203
3315.0 4.13355016708374
3325.0 3.979982614517212
3335.0 35767
