5.0 3.1987245082855225
15.0 3.1870999336242676
25.0 3.194955825805664
35.0 3.1227188110351562
45.0 3.1876790523529053
55.0 3.2191128730773926
65.0 3.1237142086029053
75.0 3.1870667934417725
85.0 3.2500159740448
95.0 3.228254795074463
105.0 3.0283360481262207
115.0 35767
125.0 3.23226261138916
135.0 3.173055648803711
145.0 3.239100933074951
155.0 3.2999377250671387
165.0 3.1697685718536377
175.0 3.2372331619262695
185.0 3.1933982372283936
195.0 3.2151637077331543
205.0 3.200471878051758
215.0 3.2587995529174805
225.0 3.1681766510009766
235.0 3.189150333404541
245.0 3.1806743144989014
255.0 3.2158255577087402
265.0 3.1577157974243164
275.0 3.166840076446533
285.0 3.1797122955322266
295.0 3.2603814601898193
305.0 3.249994993209839
315.0 3.219573974609375
325.0 3.2125630378723145
335.0 3.2870712280273438
345.0 3.1975722312927246
355.0 3.1716361045837402
365.0 3.2567410469055176
375.0 3.1892223358154297
385.0 3.1859207153320312
395.0 3.1043734550476074
405.0 3.2550220489501953
415.0 3.256308078765869
425.0 3.22636342048645
435.0 3.158771276473999
445.0 3.080155372619629
455.0 3.132935047149658
465.0 3.161928176879883
475.0 3.1707496643066406
485.0 3.189483642578125
495.0 3.23340106010437
505.0 3.271198272705078
515.0 3.302091121673584
525.0 3.082425355911255
535.0 3.236786127090454
545.0 3.1011550426483154
555.0 3.1709187030792236
565.0 3.0944619178771973
575.0 3.21401047706604
585.0 3.251295804977417
595.0 3.032282829284668
605.0 3.1423592567443848
615.0 3.2567684650421143
625.0 3.1537375450134277
635.0 3.177973747253418
645.0 3.2501285076141357
655.0 3.0933783054351807
665.0 3.187716484069824
675.0 3.1827402114868164
685.0 3.1737663745880127
695.0 3.1541545391082764
705.0 3.1409249305725098
715.0 3.2873663902282715
725.0 3.136537551879883
735.0 3.2327399253845215
745.0 3.1959357261657715
755.0 3.1396093368530273
765.0 3.1658248901367188
775.0 3.128811836242676
785.0 3.1509170532226562
795.0 3.154841423034668
805.0 3.220289945602417
815.0 3.165052652359009
825.0 3.114894151687622
835.0 3.187044143676758
845.0 3.1463043689727783
855.0 3.1885955333709717
865.0 3.1785800457000732
875.0 3.1228256225585938
885.0 3.0925841331481934
895.0 3.1793971061706543
905.0 3.243462085723877
915.0 3.2463765144348145
925.0 3.17734432220459
935.0 3.046337842941284
945.0 3.1789257526397705
955.0 3.119044303894043
965.0 3.1006863117218018
975.0 3.0955464839935303
985.0 3.090958595275879
995.0 3.200711727142334
1005.0 3.1129422187805176
1015.0 3.1821441650390625
1025.0 3.1106576919555664
1035.0 3.1823551654815674
1045.0 3.1777572631835938
1055.0 3.098567247390747
1065.0 3.1552093029022217
1075.0 3.275604248046875
1085.0 3.121685266494751
1095.0 3.1570868492126465
1105.0 3.145016670227051
1115.0 3.138458251953125
1125.0 3.1512207984924316
1135.0 3.177835464477539
1145.0 3.0775234699249268
1155.0 3.195413112640381
1165.0 3.230278253555298
1175.0 3.152670383453369
1185.0 3.0387139320373535
1195.0 3.2231507301330566
1205.0 3.112278699874878
1215.0 3.0852303504943848
1225.0 3.1116256713867188
1235.0 3.1545510292053223
1245.0 3.080185651779175
1255.0 3.097346305847168
1265.0 3.150878667831421
1275.0 3.1022789478302
1285.0 3.187633991241455
1295.0 3.180137872695923
1305.0 3.181962013244629
1315.0 3.1785788536071777
1325.0 3.1533889770507812
1335.0 3.171978712081909
1345.0 3.164900541305542
1355.0 3.1478424072265625
1365.0 3.043231964111328
1375.0 3.0698647499084473
1385.0 3.049800395965576
1395.0 3.221315383911133
1405.0 3.0945303440093994
1415.0 3.1729915142059326
1425.0 3.0968616008758545
1435.0 3.1872341632843018
1445.0 3.136202335357666
1455.0 3.110548496246338
1465.0 3.125387191772461
1475.0 3.1045796871185303
1485.0 3.054165840148926
1495.0 3.059373378753662
1505.0 3.133455991744995
1515.0 3.1452977657318115
1525.0 3.1931746006011963
1535.0 3.1470813751220703
1545.0 3.159883975982666
1555.0 3.11148738861084
1565.0 3.1459920406341553
1575.0 3.114072799682617
1585.0 3.1962428092956543
1595.0 3.1222565174102783
1605.0 3.10483717918396
1615.0 3.169095516204834
1625.0 3.1354310512542725
1635.0 3.108175277709961
1645.0 3.1527485847473145
1655.0 3.1988449096679688
1665.0 3.230827808380127
1675.0 2.854330539703369
1685.0 3.122295618057251
1695.0 3.0617482662200928
1705.0 3.1285104751586914
1715.0 3.13846755027771
1725.0 3.2214488983154297
1735.0 3.1677026748657227
1745.0 3.1378304958343506
1755.0 3.0999064445495605
1765.0 3.1277530193328857
1775.0 3.2309086322784424
1785.0 3.2170448303222656
1795.0 3.0768401622772217
1805.0 3.139045476913452
1815.0 3.1773672103881836
1825.0 3.1362738609313965
1835.0 3.0875468254089355
1845.0 3.0742552280426025
1855.0 3.201176404953003
1865.0 3.092094659805298
1875.0 3.0358715057373047
1885.0 3.070173501968384
1895.0 3.144806146621704
1905.0 3.185246467590332
1915.0 3.245049476623535
1925.0 3.1181154251098633
1935.0 3.2001404762268066
1945.0 3.1249608993530273
1955.0 3.0993268489837646
1965.0 3.0903358459472656
1975.0 3.140540599822998
1985.0 3.097620964050293
1995.0 3.1627159118652344
2005.0 3.11075496673584
2015.0 3.0966641902923584
2025.0 3.2255306243896484
2035.0 3.113297462463379
2045.0 3.1590254306793213
2055.0 2.9510350227355957
2065.0 3.210679531097412
2075.0 3.1920621395111084
2085.0 3.1490509510040283
2095.0 3.098280906677246
2105.0 3.1514222621917725
2115.0 3.1363277435302734
2125.0 3.107999324798584
2135.0 3.172234535217285
2145.0 3.2004294395446777
2155.0 3.1597189903259277
2165.0 3.027909278869629
2175.0 3.120323896408081
2185.0 3.107988119125366
2195.0 2.8933379650115967
2205.0 3.1077189445495605
2215.0 3.1289782524108887
2225.0 3.1257128715515137
2235.0 3.08151912689209
2245.0 3.0660018920898438
2255.0 3.1294288635253906
2265.0 3.0972189903259277
2275.0 3.1818594932556152
2285.0 3.077120542526245
2295.0 2.9333672523498535
2305.0 3.10318660736084
2315.0 3.0420217514038086
2325.0 3.1663572788238525
2335.0 3.111095905303955
2345.0 2.9764575958251953
2355.0 3.076206922531128
2365.0 3.1325736045837402
2375.0 3.137032985687256
2385.0 3.1990842819213867
2395.0 3.064119338989258
2405.0 3.0337562561035156
2415.0 3.0759918689727783
2425.0 3.105583667755127
2435.0 2.803142547607422
2445.0 3.0308942794799805
2455.0 3.2192201614379883
2465.0 3.2011141777038574
2475.0 3.20212984085083
2485.0 3.0745134353637695
2495.0 3.0431935787200928
2505.0 3.213992118835449
2515.0 2.9631507396698
2525.0 3.105914831161499
2535.0 3.06984806060791
2545.0 3.04148006439209
2555.0 3.071810722351074
2565.0 3.0833280086517334
2575.0 3.038283586502075
2585.0 3.1902050971984863
2595.0 3.0686182975769043
2605.0 3.078640937805176
2615.0 3.112617254257202
2625.0 3.248786687850952
2635.0 2.951794147491455
2645.0 3.095421314239502
2655.0 3.0435962677001953
2665.0 3.070638656616211
2675.0 3.095966339111328
2685.0 3.0761351585388184
2695.0 3.117396354675293
2705.0 3.0315418243408203
2715.0 3.070343255996704
2725.0 3.2362241744995117
2735.0 3.0366437435150146
2745.0 3.0222182273864746
2755.0 3.015611410140991
2765.0 2.9881420135498047
2775.0 2.9346017837524414
2785.0 3.0857815742492676
2795.0 3.003347873687744
2805.0 3.070141315460205
2815.0 3.0488460063934326
2825.0 3.0618934631347656
2835.0 3.1102294921875
2845.0 2.8379364013671875
2855.0 2.891064405441284
2865.0 3.2739439010620117
2875.0 2.869448184967041
2885.0 2.9707465171813965
2895.0 2.9051449298858643
2905.0 2.899056911468506
2915.0 3.0982282161712646
2925.0 3.179783821105957
2935.0 2.8987622261047363
2945.0 2.8555119037628174
2955.0 2.7566864490509033
2965.0 3.267092704772949
2975.0 3.079569101333618
2985.0 2.928696632385254
2995.0 3.017730712890625
3005.0 2.868380546569824
3015.0 2.9847652912139893
3025.0 3.2552273273468018
3035.0 3.138230562210083
3045.0 2.994563341140747
3055.0 3.069063663482666
3065.0 2.744779109954834
3075.0 2.732069253921509
3085.0 3.1199188232421875
3095.0 3.2504067420959473
3105.0 3.094639301300049
3115.0 3.284209728240967
3125.0 3.2015302181243896
3135.0 2.9095256328582764
3145.0 2.6799354553222656
3155.0 2.773681163787842
3165.0 2.8468642234802246
3175.0 3.2366437911987305
3185.0 2.968073606491089
3195.0 3.1686630249023438
3205.0 3.1165902614593506
3215.0 3.138291835784912
3225.0 2.939194440841675
3235.0 2.8888967037200928
3245.0 2.9726552963256836
3255.0 3.1594736576080322
3265.0 2.996371269226074
3275.0 3.0563831329345703
3285.0 2.9482877254486084
3295.0 2.8648037910461426
3305.0 2.901954174041748
3315.0 2.810391664505005
3325.0 2.927982807159424
3335.0 3.044234275817871
3345.0 3.202981948852539
