5.0 -0.39626964926719666
15.0 -0.39783209562301636
25.0 -0.34411120414733887
35.0 -0.3563206195831299
45.0 -0.4335750341415405
55.0 -0.4481995403766632
65.0 -0.47274696826934814
75.0 -0.5511602163314819
85.0 -0.6050708293914795
95.0 -0.5947521328926086
105.0 -0.6366528868675232
115.0 -0.6010538339614868
125.0 -0.6282694935798645
135.0 -0.7545246481895447
145.0 -0.7217470407485962
155.0 -0.6180176138877869
165.0 -0.6638063788414001
175.0 -0.6874362230300903
185.0 -0.6271139979362488
195.0 -0.5563795566558838
205.0 -0.5377442836761475
215.0 -0.5955756902694702
225.0 -0.6764147281646729
235.0 -0.719909131526947
245.0 -0.6458683609962463
255.0 -0.5312165021896362
265.0 -0.5241292715072632
275.0 -0.545860230922699
285.0 -0.5171595811843872
295.0 -0.5115888118743896
305.0 -0.4181637167930603
315.0 -0.32645732164382935
325.0 -0.4426648020744324
335.0 -0.5540746450424194
345.0 -0.5251604318618774
355.0 -0.5398818850517273
365.0 -0.4780460596084595
375.0 -0.5076853036880493
385.0 -0.5252708196640015
395.0 -0.5188260078430176
405.0 -0.5362399220466614
415.0 -0.45517879724502563
425.0 -0.4157998561859131
435.0 -0.47499707341194153
445.0 -0.3871932625770569
455.0 -0.36022743582725525
465.0 -0.48248887062072754
475.0 -0.4900374710559845
485.0 -0.543130099773407
495.0 -0.5470812916755676
505.0 -0.488596111536026
515.0 -0.5039607286453247
525.0 -0.5138718485832214
535.0 -0.47381162643432617
545.0 -0.3934192657470703
555.0 -0.4801923632621765
565.0 -0.44590866565704346
575.0 -0.5097499489784241
585.0 -0.5218206644058228
595.0 -0.5767570734024048
605.0 -0.6081949472427368
615.0 -0.6369693279266357
625.0 -0.6479760408401489
635.0 -0.5757829546928406
645.0 -0.6233585476875305
655.0 -0.6162781715393066
665.0 -0.5298848152160645
675.0 -0.6056461334228516
685.0 -0.5756540894508362
695.0 -0.5034447312355042
705.0 -0.5707435607910156
715.0 -0.6758763790130615
725.0 -0.6704545021057129
735.0 -0.5400012135505676
745.0 -0.5365767478942871
755.0 -0.6666030883789062
765.0 -0.5283529758453369
775.0 -0.6259381175041199
785.0 -0.5772591829299927
795.0 -0.5778204202651978
805.0 -0.5504538416862488
815.0 -0.5798411965370178
825.0 -0.54551100730896
835.0 -0.5376558303833008
845.0 -0.5857163667678833
855.0 -0.573165774345398
865.0 -0.5866298675537109
875.0 -0.5267215967178345
885.0 -0.548084020614624
895.0 -0.5820402503013611
905.0 -0.5302940607070923
915.0 -0.6089659929275513
925.0 -0.5655802488327026
935.0 -0.5926085710525513
945.0 -0.5632179379463196
955.0 -0.5666345357894897
965.0 -0.5572773814201355
975.0 -0.5452873110771179
985.0 -0.551545262336731
995.0 -0.542406439781189
1005.0 -0.5267884731292725
1015.0 -0.6144458055496216
1025.0 -0.5810666084289551
1035.0 -0.5212693810462952
1045.0 -0.5799326300621033
1055.0 -0.6026047468185425
1065.0 -0.5495911836624146
1075.0 -0.5834415555000305
1085.0 -0.601144015789032
1095.0 -0.5693365335464478
1105.0 -0.5728219747543335
1115.0 -0.5608540773391724
1125.0 -0.5936999320983887
1135.0 -0.5662826299667358
1145.0 -0.5627005696296692
1155.0 -0.5435783267021179
1165.0 -0.5562750697135925
1175.0 -0.5590983629226685
1185.0 -0.6028532981872559
1195.0 -0.5805628299713135
1205.0 -0.5382047891616821
1215.0 -0.5842651128768921
1225.0 -0.6193616390228271
1235.0 -0.5278763771057129
1245.0 -0.5947922468185425
1255.0 -0.5806434154510498
1265.0 -0.5993785858154297
1275.0 -0.5437338352203369
1285.0 -0.5846046209335327
1295.0 -0.5444604754447937
1305.0 -0.5669859647750854
1315.0 -0.5473575592041016
1325.0 -0.5366042256355286
1335.0 -0.5915173292160034
1345.0 -0.6231019496917725
1355.0 -0.6042240858078003
1365.0 -0.5981576442718506
1375.0 -0.5987050533294678
1385.0 -0.6092842221260071
1395.0 -0.5925541520118713
1405.0 -0.5619583129882812
1415.0 -0.5959515571594238
1425.0 -0.5634280443191528
1435.0 -0.5585122108459473
1445.0 -0.6017565131187439
1455.0 -0.6332893371582031
1465.0 -0.562686026096344
1475.0 -0.5539128184318542
1485.0 -0.5512782335281372
1495.0 -0.5561314821243286
1505.0 -0.5559431314468384
1515.0 -0.5811364650726318
1525.0 -0.5758146047592163
1535.0 -0.5794714689254761
1545.0 -0.6064816117286682
1555.0 -0.5623204708099365
1565.0 -0.5738654136657715
1575.0 -0.5998355150222778
1585.0 -0.579707145690918
1595.0 -0.5921876430511475
1605.0 -0.5634561777114868
1615.0 -0.5659420490264893
1625.0 -0.6263125538825989
1635.0 -0.5779744386672974
1645.0 -0.6007832288742065
1655.0 -0.5980292558670044
1665.0 -0.605685830116272
1675.0 -0.6392722725868225
1685.0 -0.5461828708648682
1695.0 -0.5748648643493652
1705.0 -0.5787798166275024
1715.0 -0.5802102088928223
1725.0 -0.5905809998512268
1735.0 -0.580757737159729
1745.0 -0.5585622787475586
1755.0 -0.5755316019058228
1765.0 -0.5760914087295532
1775.0 -0.5967178344726562
1785.0 -0.5293523073196411
1795.0 -0.5513300895690918
1805.0 -0.5879298448562622
1815.0 -0.5584768056869507
1825.0 -0.5688915252685547
1835.0 -0.6772732138633728
1845.0 -0.5564910769462585
1855.0 -0.5974045991897583
1865.0 -0.600854218006134
1875.0 -0.5849950313568115
1885.0 -0.5998503565788269
1895.0 -0.5904051065444946
1905.0 -0.5837327241897583
1915.0 -0.6028634905815125
1925.0 -0.60538649559021
1935.0 -0.6245594024658203
1945.0 -0.6183179020881653
1955.0 -0.5941107273101807
1965.0 -0.5928167700767517
1975.0 -0.6607216596603394
1985.0 -0.6491501331329346
1995.0 -0.6145952343940735
2005.0 -0.5931491851806641
2015.0 -0.5806400775909424
2025.0 -0.5630297660827637
2035.0 -0.6076756715774536
2045.0 -0.6450074911117554
2055.0 -0.6017988920211792
2065.0 -0.6184509992599487
2075.0 -0.6288478970527649
2085.0 -0.6149419546127319
2095.0 -0.5863252282142639
2105.0 -0.583363950252533
2115.0 -0.6138948202133179
2125.0 -0.6091998815536499
2135.0 -0.6044093370437622
2145.0 -0.6223421096801758
2155.0 -0.6209903955459595
2165.0 -0.5749310255050659
2175.0 -0.5814677476882935
2185.0 -0.5917180776596069
2195.0 -0.6493263244628906
2205.0 -0.6504402160644531
2215.0 -0.5633448362350464
2225.0 -0.6170455813407898
2235.0 -0.590783953666687
2245.0 -0.5878720283508301
2255.0 -0.6096290946006775
2265.0 -0.5866326689720154
2275.0 -0.6392130255699158
2285.0 -0.6406627893447876
2295.0 -0.5990009307861328
2305.0 -0.5998116731643677
2315.0 -0.5918363332748413
2325.0 -0.582238495349884
2335.0 -0.5948520302772522
2345.0 -0.5904415249824524
2355.0 -0.6436296105384827
2365.0 -0.5820178389549255
2375.0 -0.6333293914794922
2385.0 -0.5510521531105042
2395.0 -0.6244422197341919
2405.0 -0.6120709776878357
2415.0 -0.6065221428871155
2425.0 -0.6315358281135559
2435.0 -0.5793116092681885
2445.0 -0.6536478996276855
2455.0 -0.5603386163711548
2465.0 -0.6008673310279846
2475.0 -0.597541093826294
2485.0 -0.6091493368148804
2495.0 -0.6160169243812561
2505.0 -0.6112907528877258
2515.0 -0.6275720596313477
2525.0 -0.5977423191070557
2535.0 -0.5847407579421997
2545.0 -0.5929104685783386
2555.0 -0.6052268743515015
2565.0 -0.6393879055976868
2575.0 -0.558373749256134
2585.0 -0.5951207876205444
2595.0 -0.6388784646987915
2605.0 -0.6742812395095825
2615.0 -0.6334473490715027
2625.0 -0.6069666743278503
2635.0 -0.6625006794929504
2645.0 -0.6378588676452637
2655.0 -0.627272367477417
2665.0 -0.647083044052124
2675.0 -0.608474850654602
2685.0 -0.5871556401252747
2695.0 -0.6192816495895386
2705.0 -0.6077374815940857
2715.0 -0.6281411051750183
2725.0 -0.613591194152832
2735.0 -0.6016116142272949
2745.0 -0.637898325920105
2755.0 -0.6254866123199463
2765.0 -0.6359097361564636
2775.0 -0.6114826202392578
2785.0 -0.643929660320282
2795.0 -0.6349499821662903
2805.0 -0.6040858626365662
2815.0 -0.6360816359519958
2825.0 -0.6549632549285889
2835.0 -0.6334802508354187
2845.0 -0.5810930728912354
2855.0 -0.6775875091552734
2865.0 -0.6558871865272522
2875.0 -0.6632084250450134
2885.0 -0.6111482381820679
2895.0 -0.6174354553222656
2905.0 -0.615659773349762
2915.0 -0.6488010883331299
2925.0 -0.6312146782875061
2935.0 -0.6278073191642761
2945.0 -0.6539021730422974
2955.0 -0.6035957932472229
2965.0 -0.6171175241470337
2975.0 -0.6423590779304504
2985.0 -0.5968283414840698
2995.0 -0.6132092475891113
3005.0 -0.6273730397224426
3015.0 -0.6549375057220459
3025.0 -0.629258394241333
3035.0 -0.5640443563461304
3045.0 -0.6185771226882935
3055.0 -0.6185320615768433
3065.0 -0.6101402044296265
3075.0 -0.6289231181144714
3085.0 -0.6688380241394043
3095.0 -0.6497417688369751
3105.0 -0.6309216022491455
3115.0 -0.6292951107025146
3125.0 -0.6496941447257996
3135.0 -0.6522954702377319
3145.0 -0.6399086713790894
3155.0 -0.6236951351165771
3165.0 -0.6014646291732788
3175.0 -0.5794378519058228
3185.0 -0.641137957572937
3195.0 -0.6912815570831299
3205.0 -0.6589552164077759
3215.0 -0.6030615568161011
3225.0 -0.6599204540252686
3235.0 -0.6728479862213135
3245.0 -0.633026659488678
3255.0 -0.6622942686080933
3265.0 -0.6491068005561829
3275.0 -0.6484060287475586
3285.0 -0.6230746507644653
3295.0 -0.6179800629615784
3305.0 -0.6477560997009277
3315.0 -0.6314153671264648
3325.0 -0.6690333485603333
3335.0 -0.6594893336296082
3345.0 -0.6730237007141113
3355.0 -0.6522871851921082
3365.0 -0.5959533452987671
3375.0 -0.6539973616600037
3385.0 -0.6513822674751282
3395.0 -0.6600688695907593
3405.0 -0.6650329828262329
3415.0 -0.6293364763259888
3425.0 -0.6736868619918823
3435.0 -0.6773704886436462
3445.0 -0.7173161506652832
3455.0 -0.712226390838623
3465.0 -0.7440255880355835
3475.0 -0.768439769744873
3485.0 -0.7575377225875854
3495.0 -0.5911788940429688
3505.0 -0.6723805069923401
3515.0 -0.7539896965026855
3525.0 -0.7654876112937927
3535.0 -0.772515594959259
3545.0 -0.5159574747085571
3555.0 -0.6432105302810669
3565.0 -0.7902287244796753
3575.0 -0.6741200685501099
3585.0 -0.6720111966133118
3595.0 -0.6843858957290649
3605.0 -0.8256815671920776
3615.0 -0.7041323184967041
3625.0 -0.5819641351699829
3635.0 -0.5193257331848145
3645.0 -0.6276260018348694
3655.0 -0.7106599807739258
3665.0 -0.512391209602356
3675.0 -0.6258058547973633
3685.0 -0.7281036972999573
3695.0 -0.8466123342514038
3705.0 -0.9140352010726929
3715.0 -0.7317084074020386
3725.0 -0.6199280023574829
3735.0 -0.5698736906051636
3745.0 -0.6022441983222961
3755.0 -0.6397582292556763
3765.0 -0.5639883279800415
3775.0 -0.6707003116607666
3785.0 -0.6011844277381897
3795.0 -0.6303839683532715
3805.0 -0.6901010870933533
3815.0 -0.7325134873390198
3825.0 -0.8734571933746338
3835.0 -1.0229054689407349
3845.0 -0.6937081813812256
3855.0 -0.41971904039382935
3865.0 -0.42055177688598633
3875.0 -0.49310532212257385
3885.0 -0.600199282169342
3895.0 -0.7245584726333618
3905.0 -0.8272663354873657
3915.0 -0.7513658404350281
3925.0 -0.676609992980957
3935.0 -0.6136256456375122
3945.0 -0.5954549908638
3955.0 -0.5092347264289856
3965.0 -0.6056023240089417
3975.0 -0.9191093444824219
3985.0 -0.8966007232666016
3995.0 -0.8848292231559753
4005.0 -0.7592449188232422
4015.0 -0.5883418321609497
4025.0 -0.3954390287399292
4035.0 -0.4768034815788269
4045.0 -0.6663218140602112
4055.0 -0.6796115636825562
4065.0 -0.6867340803146362
4075.0 -0.8252450823783875
4085.0 -0.8307062387466431
4095.0 -0.8124209642410278
4105.0 -0.613061249256134
4115.0 -0.6785049438476562
4125.0 -0.7503527402877808
4135.0 -0.7207922339439392
4145.0 -0.6541843414306641
4155.0 -0.6021587252616882
4165.0 -0.6142005920410156
4175.0 -0.7617948055267334
4185.0 -0.8279790878295898
4195.0 -0.8142954707145691
4205.0 -0.7830444574356079
4215.0 -0.7209656834602356
4225.0 -0.773246169090271
4235.0 -0.7909031510353088
4245.0 -0.698505163192749
4255.0 -0.6356587409973145
4265.0 -0.9031338095664978
4275.0 -0.6503569483757019
4285.0 -0.6400226354598999
4295.0 -0.6964256763458252
4305.0 -0.7314188480377197
4315.0 -0.7672205567359924
4325.0 -0.800102710723877
4335.0 -0.7422531843185425
4345.0 -0.8132326602935791
4355.0 -0.7672756910324097
4365.0 -0.730079710483551
4375.0 -0.8011006116867065
4385.0 -0.9051034450531006
4395.0 -0.735593318939209
4405.0 -0.6991574168205261
4415.0 -0.5762877464294434
4425.0 -0.5393489003181458
4435.0 -0.5809065103530884
4445.0 -0.5631699562072754
4455.0 -0.5299100875854492
4465.0 -0.3764974772930145
