5.0 2.9464049339294434
15.0 3.0344505310058594
25.0 3.0478811264038086
35.0 2.860868453979492
45.0 2.9671428203582764
55.0 2.9830336570739746
65.0 3.0098040103912354
75.0 3.0079877376556396
85.0 3.0178587436676025
95.0 3.0127203464508057
105.0 3.009237766265869
115.0 3.045271873474121
125.0 3.0433316230773926
135.0 2.995454788208008
145.0 2.9510436058044434
155.0 2.9978837966918945
165.0 3.0422019958496094
175.0 3.0014548301696777
185.0 2.9708750247955322
195.0 2.979025363922119
205.0 3.0053653717041016
215.0 3.008856773376465
225.0 2.9911532402038574
235.0 3.042184352874756
245.0 2.9865450859069824
255.0 3.0287528038024902
265.0 2.9951024055480957
275.0 3.02270770072937
285.0 3.0052332878112793
295.0 3.0184779167175293
305.0 2.9820644855499268
315.0 2.9964475631713867
325.0 2.909176826477051
335.0 3.017408609390259
345.0 3.018106698989868
355.0 2.9879846572875977
365.0 2.95088791847229
375.0 2.952022075653076
385.0 2.989948272705078
395.0 3.011770725250244
405.0 3.076279640197754
415.0 2.964555025100708
425.0 3.029046058654785
435.0 2.9393835067749023
445.0 2.96608829498291
455.0 2.9929299354553223
465.0 2.9795584678649902
475.0 2.98830246925354
485.0 3.015712261199951
495.0 2.998894691467285
505.0 3.020125389099121
515.0 3.0156655311584473
525.0 2.972896099090576
535.0 2.9969825744628906
545.0 3.0081164836883545
555.0 3.001147508621216
565.0 2.9054198265075684
575.0 2.930947780609131
585.0 3.0203776359558105
595.0 2.976642608642578
605.0 2.9457004070281982
615.0 3.0353543758392334
625.0 2.971982479095459
635.0 3.034815788269043
645.0 3.0089149475097656
655.0 2.970695734024048
665.0 2.975457191467285
675.0 3.0369515419006348
685.0 2.9944608211517334
695.0 3.031940460205078
705.0 3.024251699447632
715.0 2.986091136932373
725.0 2.99271297454834
735.0 2.953913688659668
745.0 3.025538682937622
755.0 2.961127281188965
765.0 3.081803321838379
775.0 3.0425407886505127
785.0 3.042079448699951
795.0 3.020275354385376
805.0 2.981804370880127
815.0 3.0387635231018066
825.0 2.968257427215576
835.0 3.005687952041626
845.0 2.980884552001953
855.0 3.0646626949310303
865.0 3.0446267127990723
875.0 3.0877676010131836
885.0 3.00984525680542
895.0 3.0415382385253906
905.0 2.975950241088867
915.0 2.938300848007202
925.0 3.0104358196258545
935.0 3.0362532138824463
945.0 3.0253310203552246
955.0 2.9683492183685303
965.0 2.973353385925293
975.0 2.989480972290039
985.0 2.9753098487854004
995.0 2.9627432823181152
1005.0 3.005680561065674
1015.0 2.956726551055908
1025.0 3.0373408794403076
1035.0 2.964897394180298
1045.0 3.0266029834747314
1055.0 3.0134730339050293
1065.0 3.000990867614746
1075.0 3.0026803016662598
1085.0 3.023733139038086
1095.0 3.013124465942383
1105.0 3.034886360168457
1115.0 2.9905221462249756
1125.0 3.007905960083008
1135.0 2.9772427082061768
1145.0 3.051027536392212
1155.0 3.1233303546905518
1165.0 3.0450384616851807
1175.0 3.028930187225342
1185.0 2.944390058517456
1195.0 2.978543758392334
1205.0 2.996183156967163
1215.0 3.082860231399536
1225.0 3.057223081588745
1235.0 3.0054774284362793
1245.0 3.0250003337860107
1255.0 2.997361183166504
1265.0 3.0005075931549072
1275.0 3.0052311420440674
1285.0 2.9815995693206787
1295.0 2.98551607131958
1305.0 3.025331974029541
1315.0 3.0441930294036865
1325.0 3.0080862045288086
1335.0 3.0443010330200195
1345.0 3.0487635135650635
1355.0 3.0080363750457764
1365.0 3.055739641189575
1375.0 3.004993438720703
1385.0 3.0642099380493164
1395.0 3.002021551132202
1405.0 3.0171031951904297
1415.0 3.050407648086548
1425.0 2.988025188446045
1435.0 2.99027156829834
1445.0 2.9599833488464355
1455.0 3.0107948780059814
1465.0 3.0388805866241455
1475.0 2.972292184829712
1485.0 2.9445598125457764
1495.0 3.013230323791504
1505.0 2.984448194503784
1515.0 3.0071656703948975
1525.0 3.0738048553466797
1535.0 3.069532871246338
1545.0 3.0159120559692383
1555.0 3.0217185020446777
1565.0 3.0276777744293213
1575.0 3.033498525619507
1585.0 2.9618477821350098
1595.0 3.011805534362793
1605.0 3.0487685203552246
1615.0 3.0270512104034424
1625.0 3.0174033641815186
1635.0 2.994368076324463
1645.0 2.9968008995056152
1655.0 3.0524213314056396
1665.0 3.050816535949707
1675.0 2.995121717453003
1685.0 3.000210762023926
1695.0 2.9813427925109863
1705.0 3.0006659030914307
1715.0 2.9583239555358887
1725.0 3.0325114727020264
1735.0 3.0272631645202637
1745.0 3.045104742050171
1755.0 3.0273261070251465
1765.0 3.050621747970581
1775.0 2.982889175415039
1785.0 3.0220093727111816
1795.0 3.0384676456451416
1805.0 3.028174638748169
1815.0 3.0106899738311768
1825.0 3.0230841636657715
1835.0 2.987802505493164
1845.0 3.0161266326904297
1855.0 2.9715447425842285
1865.0 3.0081706047058105
1875.0 3.0086653232574463
1885.0 3.0306003093719482
1895.0 3.0093770027160645
1905.0 3.0224828720092773
1915.0 3.0239038467407227
1925.0 2.9724740982055664
1935.0 3.0620691776275635
1945.0 2.9514431953430176
1955.0 3.0221729278564453
1965.0 3.0293967723846436
1975.0 3.0448341369628906
1985.0 3.042510747909546
1995.0 2.9445343017578125
2005.0 3.0380592346191406
2015.0 3.000734567642212
2025.0 3.0092573165893555
2035.0 3.059309482574463
2045.0 3.0266830921173096
2055.0 3.051953077316284
2065.0 2.9500246047973633
2075.0 3.024750232696533
2085.0 3.0263519287109375
2095.0 3.0113277435302734
2105.0 2.9697749614715576
2115.0 3.0224802494049072
2125.0 3.069854736328125
2135.0 3.038499116897583
2145.0 2.9960708618164062
2155.0 3.037829637527466
2165.0 3.0358529090881348
2175.0 3.0281543731689453
2185.0 2.99634051322937
2195.0 3.060060977935791
2205.0 2.9971516132354736
2215.0 3.0456862449645996
2225.0 2.9792518615722656
