5.0 2.4955878257751465
15.0 2.4917664527893066
25.0 2.430793523788452
35.0 2.675208330154419
45.0 2.4853336811065674
55.0 2.5276589393615723
65.0 2.5967183113098145
75.0 2.5071768760681152
85.0 2.520285129547119
95.0 2.6723179817199707
105.0 2.458500862121582
115.0 2.5242998600006104
125.0 2.549325942993164
135.0 2.53452467918396
145.0 2.467904806137085
155.0 2.3666257858276367
165.0 2.566174030303955
175.0 2.5314598083496094
185.0 2.4668257236480713
195.0 2.338853359222412
205.0 2.4962289333343506
215.0 2.3780431747436523
225.0 2.1195108890533447
235.0 2.2946975231170654
245.0 2.4666552543640137
255.0 2.449934482574463
265.0 2.4627819061279297
275.0 2.3932712078094482
285.0 2.5843560695648193
295.0 2.2770743370056152
305.0 2.545241117477417
315.0 2.3004276752471924
325.0 2.339630365371704
335.0 2.4365859031677246
345.0 2.2889773845672607
355.0 2.5718255043029785
365.0 2.464578628540039
375.0 2.382753372192383
385.0 2.4658336639404297
395.0 2.515537977218628
405.0 2.3696980476379395
415.0 2.4928503036499023
425.0 2.590223789215088
435.0 2.4681191444396973
445.0 2.403254508972168
455.0 2.3070714473724365
465.0 2.357877254486084
475.0 2.3179657459259033
485.0 2.44197940826416
495.0 2.5189297199249268
505.0 2.518470048904419
515.0 2.6004390716552734
525.0 2.3853530883789062
535.0 2.5206782817840576
545.0 2.575190305709839
555.0 2.631133794784546
565.0 2.5175561904907227
575.0 2.5706372261047363
585.0 2.390439033508301
595.0 2.5646800994873047
605.0 2.4723122119903564
615.0 2.5882556438446045
625.0 2.4698688983917236
635.0 2.4635229110717773
645.0 2.4782960414886475
655.0 2.511817216873169
665.0 2.404162645339966
675.0 2.7092838287353516
685.0 2.4963619709014893
695.0 2.520965814590454
705.0 2.325079917907715
715.0 2.517388343811035
725.0 2.5826785564422607
735.0 2.601825475692749
745.0 2.4823780059814453
755.0 2.395901679992676
765.0 2.450493574142456
775.0 2.5184319019317627
785.0 2.3545565605163574
795.0 2.384427785873413
805.0 2.5608556270599365
815.0 2.268505811691284
825.0 2.5651557445526123
835.0 2.41831111907959
845.0 2.5310378074645996
855.0 2.3345398902893066
865.0 2.5400924682617188
875.0 2.2510151863098145
885.0 2.488056182861328
895.0 2.4801957607269287
905.0 2.563110589981079
915.0 2.3878726959228516
925.0 2.3660852909088135
935.0 2.443634033203125
945.0 2.4152894020080566
955.0 2.4305098056793213
965.0 2.4532315731048584
975.0 2.453356981277466
985.0 2.4871134757995605
995.0 2.603243589401245
1005.0 2.4627723693847656
1015.0 2.304365634918213
1025.0 2.5423827171325684
1035.0 2.2641563415527344
1045.0 2.420822858810425
1055.0 2.48325777053833
1065.0 2.49556827545166
1075.0 2.3961849212646484
1085.0 2.425952434539795
1095.0 2.390540838241577
1105.0 2.5068650245666504
1115.0 2.4341671466827393
1125.0 2.5432910919189453
1135.0 2.48889422416687
1145.0 2.500980854034424
1155.0 2.6657698154449463
1165.0 2.420553207397461
1175.0 2.5789053440093994
1185.0 2.358536720275879
1195.0 2.386573553085327
1205.0 2.6191699504852295
1215.0 2.4094913005828857
1225.0 2.322796106338501
1235.0 2.4387526512145996
1245.0 2.477632522583008
1255.0 2.513963222503662
1265.0 2.3689844608306885
1275.0 2.3767776489257812
1285.0 2.419191837310791
1295.0 2.50596022605896
1305.0 2.4542527198791504
1315.0 35767
1325.0 2.3355495929718018
1335.0 2.4810333251953125
1345.0 2.409269332885742
1355.0 2.416743278503418
1365.0 2.4738330841064453
1375.0 2.4718387126922607
1385.0 2.473029613494873
1395.0 2.236121416091919
1405.0 2.4471476078033447
1415.0 2.358849287033081
1425.0 2.5772223472595215
1435.0 2.5564236640930176
1445.0 2.5621867179870605
1455.0 2.102473020553589
1465.0 2.355393409729004
1475.0 2.424077272415161
1485.0 2.4632880687713623
1495.0 2.3854451179504395
1505.0 2.492258071899414
1515.0 2.414057970046997
1525.0 2.3989968299865723
1535.0 2.4516355991363525
1545.0 2.3579485416412354
1555.0 2.168335437774658
1565.0 2.6410880088806152
1575.0 2.3651251792907715
1585.0 2.5836071968078613
1595.0 2.465972423553467
1605.0 2.3459091186523438
1615.0 2.443253993988037
1625.0 2.4036896228790283
1635.0 2.405669927597046
1645.0 2.4350476264953613
1655.0 2.435903310775757
1665.0 2.458573818206787
1675.0 2.409672737121582
1685.0 2.360987901687622
1695.0 2.5852863788604736
1705.0 2.459171772003174
1715.0 2.2546982765197754
1725.0 2.2802577018737793
1735.0 2.506044387817383
1745.0 2.498995065689087
1755.0 2.54933500289917
1765.0 2.4932398796081543
1775.0 2.4696671962738037
1785.0 2.5741629600524902
1795.0 2.3602547645568848
1805.0 2.2131009101867676
1815.0 2.327587366104126
1825.0 2.35746693611145
1835.0 2.4389541149139404
1845.0 2.469566583633423
1855.0 2.5689072608947754
1865.0 2.458996295928955
1875.0 2.5039100646972656
1885.0 2.4516103267669678
1895.0 2.394731044769287
1905.0 2.357642889022827
1915.0 2.418300151824951
1925.0 2.407499074935913
1935.0 2.349761486053467
1945.0 2.3921713829040527
1955.0 2.5178468227386475
1965.0 2.60837984085083
1975.0 2.40177059173584
1985.0 2.5062460899353027
1995.0 2.3911612033843994
2005.0 2.5708093643188477
2015.0 2.4379794597625732
2025.0 2.5434792041778564
2035.0 2.6063480377197266
2045.0 2.4287638664245605
2055.0 2.3756279945373535
2065.0 2.3417322635650635
2075.0 2.3981313705444336
2085.0 2.523521900177002
2095.0 2.4497737884521484
2105.0 2.3841962814331055
2115.0 2.403317928314209
2125.0 2.4168591499328613
2135.0 2.3703341484069824
2145.0 2.279311180114746
2155.0 2.246953010559082
2165.0 2.387805938720703
2175.0 2.278217077255249
2185.0 2.45854115486145
2195.0 2.4575016498565674
2205.0 2.550990104675293
2215.0 2.387108087539673
2225.0 2.426483631134033
2235.0 2.4621787071228027
2245.0 2.378309965133667
2255.0 2.393256187438965
2265.0 2.4217307567596436
2275.0 2.459662437438965
2285.0 2.397447109222412
2295.0 2.5403919219970703
2305.0 2.3903427124023438
2315.0 2.3839974403381348
2325.0 2.408076763153076
2335.0 2.448106288909912
2345.0 2.5262181758880615
2355.0 2.530329704284668
2365.0 2.4599523544311523
2375.0 2.546415090560913
2385.0 2.4503679275512695
2395.0 2.343151092529297
2405.0 2.4776968955993652
2415.0 2.2229115962982178
2425.0 2.429650068283081
2435.0 2.3309543132781982
2445.0 2.2535979747772217
2455.0 2.4924697875976562
2465.0 2.440486431121826
2475.0 2.349094867706299
2485.0 2.469924211502075
2495.0 2.3933308124542236
2505.0 2.3881702423095703
2515.0 2.5300703048706055
2525.0 2.375680446624756
2535.0 2.5185458660125732
2545.0 2.591649293899536
2555.0 2.486358404159546
2565.0 2.481325626373291
2575.0 2.3343417644500732
2585.0 2.4182538986206055
2595.0 2.414285182952881
2605.0 2.484229803085327
2615.0 2.4637720584869385
2625.0 2.4546422958374023
2635.0 2.4264678955078125
2645.0 2.510127067565918
2655.0 2.487588882446289
2665.0 2.3394062519073486
2675.0 2.1384716033935547
2685.0 2.5388574600219727
2695.0 2.297848701477051
2705.0 2.299510955810547
2715.0 2.481571912765503
2725.0 2.5472450256347656
2735.0 2.455554485321045
2745.0 2.584916114807129
2755.0 2.4986684322357178
2765.0 2.333693742752075
2775.0 2.4245734214782715
2785.0 2.321920156478882
2795.0 2.4360299110412598
2805.0 2.5166921615600586
2815.0 2.51684832572937
2825.0 2.5221245288848877
2835.0 2.371875047683716
2845.0 2.5287721157073975
2855.0 2.42032790184021
2865.0 2.5451509952545166
2875.0 2.646561861038208
2885.0 2.5521466732025146
2895.0 2.399928331375122
2905.0 2.3980696201324463
2915.0 2.3869824409484863
2925.0 2.447824239730835
2935.0 2.336012363433838
2945.0 2.4075448513031006
2955.0 2.4437270164489746
2965.0 2.399662494659424
2975.0 2.4531798362731934
2985.0 2.3814122676849365
2995.0 2.4438390731811523
3005.0 2.499413251876831
3015.0 2.442207098007202
3025.0 2.3760108947753906
3035.0 2.4065799713134766
3045.0 2.4043822288513184
3055.0 2.369919776916504
3065.0 2.3234715461730957
3075.0 2.3662891387939453
3085.0 2.4487497806549072
3095.0 2.4904284477233887
3105.0 2.4238908290863037
3115.0 2.2972307205200195
3125.0 2.4200940132141113
3135.0 2.273576259613037
3145.0 2.445308208465576
3155.0 2.4600212574005127
3165.0 2.5681750774383545
3175.0 2.372863292694092
3185.0 2.454906940460205
3195.0 2.1406216621398926
3205.0 2.3718204498291016
3215.0 2.33290958404541
3225.0 2.367866039276123
3235.0 2.5058460235595703
3245.0 2.3840606212615967
3255.0 2.4487481117248535
3265.0 2.6682348251342773
3275.0 2.4789910316467285
3285.0 2.370730400085449
3295.0 2.4441781044006348
3305.0 2.425445079803467
3315.0 2.448047637939453
3325.0 2.519111156463623
3335.0 2.487247943878174
