5.0 4.056215763092041
15.0 4.088618755340576
25.0 4.22736930847168
35.0 4.435275077819824
45.0 4.5842719078063965
55.0 4.651416778564453
65.0 4.6024627685546875
75.0 4.487582683563232
85.0 4.187050819396973
95.0 4.124870300292969
105.0 4.1176605224609375
115.0 4.039036750793457
125.0 4.091441631317139
135.0 4.148900032043457
145.0 4.214864730834961
155.0 4.149357795715332
165.0 4.304952621459961
175.0 4.305880069732666
185.0 4.290915489196777
195.0 4.419039726257324
205.0 4.422300338745117
215.0 4.293643951416016
225.0 4.277599811553955
235.0 4.344746112823486
245.0 4.21599817276001
255.0 3.931079626083374
265.0 3.954862594604492
275.0 3.7761173248291016
285.0 3.873589038848877
295.0 4.174089431762695
305.0 4.135626792907715
315.0 4.3879618644714355
325.0 4.196150302886963
335.0 4.26777458190918
345.0 4.260503768920898
355.0 4.295595645904541
365.0 4.428845405578613
375.0 4.339447498321533
385.0 4.26508903503418
395.0 4.264288425445557
405.0 4.334264278411865
415.0 4.225591659545898
425.0 4.0176215171813965
435.0 3.8878133296966553
445.0 3.878218412399292
455.0 4.227717399597168
465.0 4.386343955993652
475.0 4.376840114593506
485.0 4.301392078399658
495.0 4.278341770172119
505.0 4.16281795501709
515.0 4.244344234466553
525.0 4.432316780090332
535.0 4.512711048126221
545.0 4.370565414428711
555.0 4.5157012939453125
565.0 4.355487823486328
575.0 4.304318428039551
585.0 4.331110954284668
595.0 4.2898969650268555
605.0 4.230527877807617
615.0 4.155241966247559
625.0 4.123564720153809
635.0 4.00984525680542
645.0 4.062219142913818
655.0 4.148617267608643
665.0 4.305574417114258
675.0 4.627837181091309
685.0 4.625654220581055
695.0 4.461112976074219
705.0 4.191124439239502
715.0 4.007246017456055
725.0 4.0859880447387695
735.0 4.149457931518555
745.0 4.143871307373047
755.0 4.216981410980225
765.0 4.185177803039551
775.0 4.15202522277832
785.0 4.207207202911377
795.0 4.153090476989746
805.0 4.251391410827637
815.0 4.28267765045166
825.0 4.24265193939209
835.0 4.163934707641602
845.0 4.450847625732422
855.0 4.607186794281006
865.0 4.532534599304199
875.0 4.485438823699951
885.0 4.435925483703613
895.0 4.427220821380615
905.0 4.372705459594727
915.0 4.152194976806641
925.0 4.064386367797852
935.0 3.956714391708374
945.0 3.9710047245025635
955.0 4.091084003448486
965.0 4.147978782653809
975.0 4.147433757781982
985.0 4.444538116455078
995.0 4.6187872886657715
1005.0 4.715897560119629
1015.0 4.6372785568237305
1025.0 4.310365676879883
1035.0 4.078973293304443
1045.0 4.143283843994141
1055.0 4.104209899902344
1065.0 4.123159408569336
1075.0 4.225298881530762
1085.0 4.269840240478516
1095.0 4.1732072830200195
1105.0 4.138078689575195
1115.0 4.190196990966797
1125.0 4.294818878173828
1135.0 4.550889492034912
1145.0 4.82969856262207
1155.0 4.739935874938965
1165.0 4.672979831695557
1175.0 4.444929122924805
1185.0 4.304988384246826
1195.0 4.007977485656738
1205.0 3.9643771648406982
1215.0 3.8933968544006348
1225.0 4.017509937286377
1235.0 4.275905609130859
1245.0 4.469381332397461
1255.0 4.329038143157959
1265.0 4.302089214324951
1275.0 4.25645637512207
1285.0 4.173245429992676
1295.0 4.140533447265625
1305.0 4.197498321533203
1315.0 4.346121788024902
1325.0 4.20538854598999
1335.0 4.188604354858398
1345.0 4.3348307609558105
1355.0 4.296663284301758
1365.0 4.338615894317627
1375.0 4.383847713470459
1385.0 4.270847320556641
1395.0 4.093290328979492
1405.0 4.169810771942139
1415.0 4.314602375030518
1425.0 4.386270523071289
1435.0 4.264613151550293
1445.0 4.132235527038574
1455.0 4.0712199211120605
1465.0 3.899019718170166
1475.0 3.9603753089904785
1485.0 3.928471088409424
1495.0 4.167457580566406
1505.0 4.33239221572876
1515.0 4.337342262268066
1525.0 4.305446624755859
1535.0 4.1048264503479
1545.0 4.118088722229004
1555.0 4.047574520111084
1565.0 4.253518104553223
1575.0 4.337343692779541
1585.0 4.234910488128662
1595.0 4.113084316253662
1605.0 4.074735641479492
1615.0 3.9296350479125977
1625.0 3.8388352394104004
1635.0 3.86195707321167
1645.0 3.8417696952819824
1655.0 4.023128986358643
1665.0 4.404749393463135
1675.0 4.407304286956787
1685.0 4.368389129638672
1695.0 4.283755302429199
1705.0 4.352219581604004
1715.0 4.245250225067139
1725.0 4.3784894943237305
1735.0 4.414087295532227
1745.0 4.45177698135376
1755.0 4.403579235076904
1765.0 4.116074562072754
1775.0 4.150406837463379
1785.0 4.024690628051758
1795.0 4.131547927856445
1805.0 4.102163791656494
1815.0 4.157901287078857
1825.0 4.146570205688477
1835.0 4.177595138549805
1845.0 4.174898147583008
1855.0 4.2874860763549805
1865.0 4.322447776794434
1875.0 4.41787576675415
1885.0 4.670769691467285
1895.0 4.558781147003174
1905.0 4.405328750610352
1915.0 4.084466934204102
1925.0 3.992361068725586
1935.0 3.9891788959503174
1945.0 4.097058296203613
1955.0 4.238805770874023
1965.0 4.214288711547852
1975.0 4.1985368728637695
1985.0 4.2241034507751465
1995.0 4.188955783843994
2005.0 4.2491679191589355
2015.0 4.3965229988098145
2025.0 4.333927154541016
2035.0 4.3177995681762695
2045.0 4.267614841461182
2055.0 4.122988700866699
2065.0 4.042593002319336
2075.0 4.143083095550537
2085.0 4.034538745880127
2095.0 4.0426836013793945
2105.0 4.174345016479492
2115.0 4.271154880523682
2125.0 4.1946120262146
2135.0 4.103096961975098
2145.0 4.122372627258301
2155.0 4.399472713470459
2165.0 4.504411697387695
2175.0 4.55448579788208
2185.0 4.276696681976318
2195.0 4.358250617980957
2205.0 4.158843040466309
2215.0 3.9064247608184814
2225.0 3.8193631172180176
2235.0 3.797309398651123
2245.0 3.907588243484497
2255.0 4.233729362487793
2265.0 4.333503723144531
2275.0 4.389858722686768
2285.0 4.567493438720703
2295.0 4.501028537750244
2305.0 4.3928680419921875
2315.0 4.348668575286865
2325.0 4.327587604522705
2335.0 4.1061248779296875
2345.0 4.230319976806641
2355.0 4.269853591918945
2365.0 4.116277694702148
2375.0 3.9986207485198975
2385.0 3.9199492931365967
2395.0 3.882378101348877
2405.0 4.052387237548828
2415.0 4.122231483459473
2425.0 4.167675971984863
2435.0 4.1079888343811035
2445.0 4.074436664581299
2455.0 4.009117603302002
2465.0 4.062614440917969
2475.0 4.1755900382995605
2485.0 4.252252578735352
2495.0 4.193199634552002
2505.0 4.21652889251709
2515.0 4.312034606933594
2525.0 4.130880355834961
2535.0 4.123978614807129
2545.0 3.931440591812134
2555.0 4.090384483337402
2565.0 4.017187118530273
2575.0 3.936671018600464
2585.0 3.897829055786133
2595.0 4.075818061828613
2605.0 4.247265815734863
2615.0 4.360899448394775
2625.0 4.592618942260742
2635.0 4.491551399230957
2645.0 4.554047107696533
2655.0 4.349638938903809
2665.0 4.223628997802734
2675.0 4.223215103149414
2685.0 4.148293972015381
2695.0 4.133037567138672
2705.0 4.01763391494751
2715.0 4.039498329162598
2725.0 4.1033477783203125
2735.0 3.9654619693756104
2745.0 4.022344589233398
2755.0 4.108617782592773
2765.0 4.143824100494385
2775.0 4.295322418212891
2785.0 4.400719165802002
2795.0 4.633310317993164
2805.0 4.496293067932129
2815.0 4.319190502166748
2825.0 4.176331043243408
2835.0 3.8850197792053223
2845.0 3.8625082969665527
2855.0 3.80668306350708
2865.0 3.8539886474609375
2875.0 4.013508319854736
2885.0 4.0808234214782715
2895.0 4.200993061065674
2905.0 4.358767509460449
2915.0 4.34250020980835
2925.0 4.151261329650879
2935.0 4.074953079223633
2945.0 4.128377914428711
2955.0 4.0184783935546875
2965.0 4.085997581481934
2975.0 4.195806503295898
2985.0 4.234379768371582
2995.0 4.463388442993164
3005.0 4.327638626098633
3015.0 4.215904235839844
3025.0 4.253293514251709
3035.0 3.985193967819214
3045.0 3.9193928241729736
3055.0 3.92366361618042
3065.0 4.2359185218811035
3075.0 4.319782733917236
3085.0 4.451905727386475
3095.0 4.501314163208008
3105.0 4.296236038208008
3115.0 4.3354973793029785
3125.0 4.181516647338867
3135.0 4.161838054656982
3145.0 4.178437232971191
3155.0 4.112686634063721
3165.0 4.000846862792969
3175.0 3.9999656677246094
3185.0 4.032878875732422
3195.0 4.096077919006348
3205.0 4.224499225616455
3215.0 4.309669494628906
3225.0 4.313582420349121
3235.0 4.337429046630859
3245.0 4.284502983093262
3255.0 4.187222957611084
3265.0 4.0767951011657715
3275.0 3.9997639656066895
3285.0 4.086476802825928
3295.0 4.130365371704102
3305.0 4.296830654144287
3315.0 4.277983665466309
3325.0 4.155714511871338
3335.0 4.045097827911377
3345.0 3.9317023754119873
