5.0 4.526238441467285
15.0 4.591114044189453
25.0 4.580526828765869
35.0 4.834333896636963
45.0 4.483022689819336
55.0 4.263750076293945
65.0 3.859402894973755
75.0 3.9868080615997314
85.0 3.726837396621704
95.0 4.1338629722595215
105.0 4.510599136352539
115.0 4.590401649475098
125.0 4.3658342361450195
135.0 4.619935989379883
145.0 4.493513107299805
155.0 4.579697608947754
165.0 4.792384147644043
175.0 4.463529586791992
185.0 4.165555000305176
195.0 4.214363098144531
205.0 4.4923505783081055
215.0 4.638138771057129
225.0 4.47236967086792
235.0 4.184466361999512
245.0 4.220353126525879
255.0 4.097297668457031
265.0 4.098481178283691
275.0 4.091423988342285
285.0 4.310901165008545
295.0 3.9036359786987305
305.0 3.715721845626831
315.0 3.866893768310547
325.0 4.170539855957031
335.0 4.180390357971191
345.0 4.2599639892578125
355.0 4.425708770751953
365.0 4.706135272979736
375.0 4.94276762008667
385.0 4.816320896148682
395.0 4.460103988647461
405.0 4.144132137298584
415.0 4.196056842803955
425.0 4.022098541259766
435.0 4.180370330810547
445.0 3.800057888031006
455.0 4.147644519805908
465.0 4.518116474151611
475.0 4.483528137207031
485.0 4.50836706161499
495.0 4.066393852233887
505.0 4.114227771759033
515.0 4.33222770690918
525.0 4.3814592361450195
535.0 3.953845977783203
545.0 4.0296125411987305
555.0 4.09019660949707
565.0 4.38993501663208
575.0 4.452478885650635
585.0 4.286808013916016
595.0 4.670051574707031
605.0 4.133327484130859
615.0 3.963139533996582
625.0 3.9571797847747803
635.0 4.212226390838623
645.0 4.360857963562012
655.0 4.311529159545898
665.0 4.525696754455566
675.0 4.459994792938232
685.0 4.247745513916016
695.0 4.185854911804199
705.0 3.9594626426696777
715.0 3.9667210578918457
725.0 4.2303547859191895
735.0 3.9783527851104736
745.0 4.117537021636963
755.0 4.362937927246094
765.0 4.458871841430664
775.0 4.814953327178955
785.0 4.851938247680664
795.0 4.258021354675293
805.0 3.9418928623199463
815.0 4.2501349449157715
825.0 4.752709865570068
835.0 4.643199443817139
845.0 4.3713274002075195
855.0 4.376314163208008
865.0 4.146527290344238
875.0 4.0536699295043945
885.0 4.387923240661621
895.0 4.156022071838379
905.0 4.125483512878418
915.0 3.9223389625549316
925.0 4.094682693481445
935.0 4.651766777038574
945.0 4.622520446777344
955.0 4.363986968994141
965.0 4.0396013259887695
975.0 4.359527587890625
985.0 4.5048322677612305
995.0 4.424378395080566
1005.0 4.240853309631348
1015.0 4.372447967529297
1025.0 4.460839748382568
1035.0 4.062392234802246
1045.0 4.07706880569458
1055.0 4.453123092651367
1065.0 3.935239315032959
1075.0 4.334782123565674
1085.0 4.542040824890137
1095.0 4.648866653442383
1105.0 4.982967376708984
1115.0 4.860201835632324
1125.0 4.524664878845215
1135.0 4.540863990783691
1145.0 4.5100297927856445
1155.0 4.444918632507324
1165.0 4.232077598571777
1175.0 4.103325843811035
1185.0 3.9092798233032227
1195.0 4.328463077545166
1205.0 4.044964790344238
1215.0 4.219684600830078
1225.0 4.265630722045898
1235.0 4.1592817306518555
1245.0 3.995436429977417
1255.0 4.017007350921631
1265.0 4.100841999053955
1275.0 4.1905598640441895
1285.0 4.5147833824157715
1295.0 4.407858848571777
1305.0 4.449409008026123
1315.0 4.71444034576416
1325.0 4.4334025382995605
1335.0 4.228167533874512
1345.0 4.291970252990723
1355.0 4.306596279144287
1365.0 4.099729537963867
1375.0 3.7189509868621826
1385.0 3.8851571083068848
1395.0 3.711796283721924
1405.0 4.044350624084473
1415.0 4.4701409339904785
1425.0 4.710376739501953
1435.0 4.898414611816406
1445.0 4.661103248596191
1455.0 4.1858086585998535
1465.0 4.149428844451904
1475.0 4.182193756103516
1485.0 4.214349269866943
1495.0 4.750285625457764
1505.0 4.6274824142456055
1515.0 4.644254207611084
1525.0 4.575055122375488
1535.0 4.05114221572876
1545.0 4.058494567871094
1555.0 3.5338258743286133
1565.0 3.394897937774658
1575.0 3.9033734798431396
1585.0 3.8794848918914795
1595.0 4.288534164428711
1605.0 4.461118221282959
1615.0 4.6580610275268555
1625.0 4.79395866394043
1635.0 4.845666408538818
1645.0 4.432976245880127
1655.0 4.4312334060668945
1665.0 4.1670002937316895
1675.0 3.999692678451538
1685.0 3.7719006538391113
1695.0 3.6192336082458496
1705.0 3.481647491455078
1715.0 3.9564883708953857
1725.0 4.194852828979492
1735.0 4.068483829498291
1745.0 4.416370391845703
1755.0 4.7523193359375
1765.0 4.516429424285889
1775.0 4.572445869445801
1785.0 4.471440315246582
1795.0 3.978776216506958
1805.0 4.186242580413818
1815.0 4.095783710479736
1825.0 4.137094020843506
1835.0 4.2036848068237305
1845.0 4.031846046447754
1855.0 4.079937934875488
1865.0 4.314026832580566
1875.0 4.6605329513549805
1885.0 4.525356292724609
1895.0 4.487255573272705
1905.0 4.482080459594727
1915.0 4.38392972946167
1925.0 4.570094108581543
1935.0 4.673811435699463
1945.0 4.641735553741455
1955.0 4.119148254394531
1965.0 4.34208345413208
1975.0 4.2594428062438965
1985.0 3.9341654777526855
1995.0 4.294589042663574
2005.0 4.236903667449951
2015.0 4.161872863769531
2025.0 4.094210624694824
2035.0 4.310963153839111
2045.0 4.248305320739746
2055.0 4.131913185119629
2065.0 4.148767471313477
2075.0 4.002120018005371
2085.0 4.015897750854492
2095.0 4.279226779937744
2105.0 4.255675315856934
2115.0 4.082508087158203
2125.0 4.220118999481201
2135.0 4.5244646072387695
2145.0 4.7315287590026855
2155.0 4.581316947937012
2165.0 4.785787582397461
2175.0 4.760761737823486
2185.0 4.258795738220215
2195.0 4.234224319458008
2205.0 4.2417216300964355
2215.0 4.179527282714844
2225.0 4.389400482177734
2235.0 4.865716457366943
2245.0 5.145039081573486
2255.0 4.39410924911499
2265.0 4.102883338928223
2275.0 4.57600736618042
2285.0 4.25738525390625
2295.0 3.9349629878997803
2305.0 3.9202988147735596
2315.0 3.818230152130127
2325.0 3.8340673446655273
2335.0 3.7716803550720215
2345.0 3.9906070232391357
2355.0 4.0700578689575195
2365.0 4.2316999435424805
2375.0 4.015134811401367
2385.0 4.046304225921631
2395.0 4.234539031982422
2405.0 4.252819061279297
2415.0 4.258284091949463
2425.0 4.230731964111328
2435.0 4.350034713745117
2445.0 4.337350368499756
2455.0 4.226294994354248
2465.0 4.2419352531433105
2475.0 4.583372592926025
2485.0 4.472994804382324
2495.0 4.326188087463379
2505.0 4.31968879699707
2515.0 4.3126630783081055
2525.0 4.239306926727295
2535.0 4.009819984436035
2545.0 4.138934135437012
2555.0 4.277072906494141
2565.0 4.2451581954956055
2575.0 4.2774505615234375
2585.0 4.338521957397461
2595.0 4.298296928405762
2605.0 4.002386093139648
2615.0 4.320082187652588
2625.0 4.126857757568359
2635.0 3.974505662918091
2645.0 4.322852611541748
2655.0 4.736902236938477
2665.0 4.403017044067383
2675.0 4.290806770324707
2685.0 4.155856132507324
2695.0 4.097266674041748
2705.0 4.06149959564209
2715.0 4.339954376220703
2725.0 4.14050817489624
2735.0 4.099825382232666
2745.0 3.8521642684936523
2755.0 3.8438663482666016
2765.0 4.0070953369140625
2775.0 3.9167585372924805
2785.0 4.33642578125
2795.0 4.3297553062438965
2805.0 4.849465847015381
2815.0 4.632346153259277
2825.0 3.7126708030700684
2835.0 3.7319092750549316
2845.0 4.1144208908081055
2855.0 4.216555595397949
2865.0 4.162718772888184
2875.0 3.9879119396209717
2885.0 4.121779441833496
2895.0 4.288332462310791
2905.0 4.472110748291016
2915.0 4.480596542358398
2925.0 4.496041297912598
2935.0 4.7813310623168945
2945.0 4.614943504333496
2955.0 4.3958234786987305
2965.0 4.265268325805664
2975.0 4.523987293243408
2985.0 4.328676223754883
2995.0 4.282680511474609
3005.0 4.215429306030273
3015.0 3.988037109375
3025.0 4.052704811096191
3035.0 4.490940093994141
3045.0 4.409172058105469
3055.0 4.302642822265625
3065.0 4.341553688049316
3075.0 4.1829986572265625
3085.0 4.401628494262695
3095.0 4.568606853485107
3105.0 4.7549028396606445
3115.0 4.504306793212891
3125.0 4.453845024108887
3135.0 4.282094955444336
3145.0 4.23883056640625
3155.0 4.064553260803223
3165.0 4.101531028747559
3175.0 4.143176078796387
3185.0 4.056095123291016
3195.0 4.032281875610352
3205.0 4.12888240814209
3215.0 4.006257057189941
3225.0 4.217568874359131
3235.0 4.36021614074707
3245.0 4.1508941650390625
3255.0 3.995262861251831
3265.0 4.047664165496826
3275.0 4.119833469390869
3285.0 4.318352699279785
3295.0 4.5381855964660645
3305.0 4.0951714515686035
3315.0 4.333509922027588
3325.0 4.585223197937012
3335.0 4.611110687255859
3345.0 4.329563140869141
