5.0 2.562699794769287
15.0 2.6298959255218506
25.0 2.5980515480041504
35.0 2.530762195587158
45.0 2.686906337738037
55.0 2.6430602073669434
65.0 2.4529013633728027
75.0 2.75272274017334
85.0 2.5754337310791016
95.0 2.532156467437744
105.0 2.619062900543213
115.0 2.6528592109680176
125.0 2.6246824264526367
135.0 2.582158088684082
145.0 2.5930590629577637
155.0 2.636925458908081
165.0 2.70820951461792
175.0 2.623575210571289
185.0 2.7120676040649414
195.0 2.662938117980957
205.0 2.807532548904419
215.0 2.731679677963257
225.0 2.797168493270874
235.0 2.602952718734741
245.0 2.7037510871887207
255.0 2.660261631011963
265.0 2.634842872619629
275.0 2.6438357830047607
285.0 2.597918748855591
295.0 2.5532498359680176
305.0 2.5963025093078613
315.0 2.528704881668091
325.0 2.6412768363952637
335.0 2.5358519554138184
345.0 2.4372293949127197
355.0 2.69553279876709
365.0 2.546682119369507
375.0 2.756422281265259
385.0 2.4802405834198
395.0 2.6186487674713135
405.0 2.6485648155212402
415.0 2.6000404357910156
425.0 2.470217704772949
435.0 2.61234450340271
445.0 2.475015163421631
455.0 2.413496494293213
465.0 2.624669075012207
475.0 2.4072329998016357
485.0 2.536317825317383
495.0 2.6422009468078613
505.0 2.7248342037200928
515.0 2.6898467540740967
525.0 2.6801109313964844
535.0 2.534187078475952
545.0 2.692312479019165
555.0 2.6111950874328613
565.0 2.5425148010253906
575.0 2.4699878692626953
585.0 2.7200686931610107
595.0 2.7404232025146484
605.0 2.6115214824676514
615.0 2.483990430831909
625.0 2.5699517726898193
635.0 2.6587650775909424
645.0 2.498429536819458
655.0 2.5489954948425293
665.0 2.7279365062713623
675.0 2.603151321411133
685.0 2.5954980850219727
695.0 2.757183074951172
705.0 2.6479530334472656
715.0 2.554982900619507
725.0 2.5467758178710938
735.0 2.56632661819458
745.0 2.618347406387329
755.0 2.5302767753601074
765.0 2.5669808387756348
775.0 2.556256055831909
785.0 2.593195676803589
795.0 2.6861495971679688
805.0 2.5223121643066406
815.0 2.5887951850891113
825.0 2.6025571823120117
835.0 2.6100411415100098
845.0 2.603563070297241
855.0 2.6843550205230713
865.0 2.6984167098999023
875.0 2.467101812362671
885.0 2.5398013591766357
895.0 2.7130074501037598
905.0 2.507324695587158
915.0 2.5359489917755127
925.0 2.5950076580047607
935.0 2.584690570831299
945.0 2.5703272819519043
955.0 2.488395929336548
965.0 2.6861653327941895
975.0 2.6085734367370605
985.0 2.510808229446411
995.0 2.711294651031494
1005.0 2.5721540451049805
1015.0 2.548830509185791
1025.0 2.685373544692993
1035.0 2.461256265640259
1045.0 2.6736414432525635
1055.0 2.5097498893737793
1065.0 2.720721960067749
1075.0 2.7616395950317383
1085.0 35767
1095.0 35767
1105.0 35767
1115.0 35767
1125.0 35767
1135.0 35767
1145.0 35767
1155.0 35767
1165.0 2.771334171295166
1175.0 2.704965114593506
1185.0 2.696463108062744
1195.0 2.5227463245391846
1205.0 2.6435296535491943
1215.0 2.5348010063171387
1225.0 2.5751559734344482
1235.0 2.5623972415924072
1245.0 2.6784555912017822
1255.0 2.6392102241516113
1265.0 2.6310012340545654
1275.0 2.4680233001708984
1285.0 2.545319080352783
1295.0 2.5916202068328857
1305.0 2.6536753177642822
1315.0 2.593338966369629
1325.0 2.672297716140747
1335.0 2.7021591663360596
1345.0 2.728243350982666
1355.0 2.731405258178711
1365.0 2.712830066680908
1375.0 2.8888978958129883
1385.0 2.68097186088562
1395.0 2.6967833042144775
1405.0 2.6510977745056152
1415.0 2.7746777534484863
1425.0 2.6731927394866943
1435.0 2.6694068908691406
1445.0 2.5905098915100098
1455.0 2.497899293899536
1465.0 2.583435297012329
1475.0 2.6072044372558594
1485.0 2.5563840866088867
1495.0 2.6883108615875244
1505.0 2.6456401348114014
1515.0 2.580321788787842
1525.0 2.571272373199463
1535.0 2.674558162689209
1545.0 2.6510918140411377
1555.0 2.7600808143615723
1565.0 2.668443202972412
1575.0 2.607022762298584
1585.0 2.538301467895508
1595.0 2.705949306488037
1605.0 2.6851139068603516
1615.0 2.694059371948242
1625.0 2.6601569652557373
1635.0 2.521670341491699
1645.0 2.618832588195801
1655.0 2.589172840118408
1665.0 2.6114933490753174
1675.0 2.7805728912353516
1685.0 2.6559557914733887
1695.0 2.654155969619751
1705.0 2.799591064453125
1715.0 2.493077516555786
1725.0 2.8266959190368652
1735.0 2.7195825576782227
1745.0 2.640890121459961
1755.0 2.63997220993042
1765.0 2.6525015830993652
1775.0 2.60909366607666
1785.0 2.645540237426758
1795.0 2.656151533126831
1805.0 2.8490819931030273
1815.0 2.701597213745117
1825.0 2.637570381164551
1835.0 2.5780980587005615
1845.0 2.7704601287841797
1855.0 2.737041473388672
1865.0 2.7423906326293945
1875.0 2.6798198223114014
1885.0 2.6401402950286865
1895.0 2.733551502227783
1905.0 2.6899847984313965
1915.0 2.6841249465942383
1925.0 2.4998035430908203
1935.0 2.6601715087890625
1945.0 2.533705234527588
1955.0 2.6706619262695312
1965.0 2.75921630859375
1975.0 2.6698596477508545
1985.0 2.4859461784362793
1995.0 2.620499610900879
2005.0 2.5687265396118164
2015.0 2.559401750564575
2025.0 2.589524269104004
2035.0 2.790928602218628
2045.0 35767
2055.0 2.543748617172241
2065.0 2.602799892425537
2075.0 2.5897650718688965
2085.0 2.645003318786621
2095.0 2.8117666244506836
2105.0 35767
2115.0 35767
2125.0 35767
2135.0 35767
2145.0 35767
2155.0 35767
2165.0 35767
2175.0 35767
2185.0 2.6874513626098633
2195.0 2.552586078643799
2205.0 2.6478869915008545
2215.0 2.5631065368652344
2225.0 2.6313717365264893
