5.0 3.9741272926330566
15.0 3.907966136932373
25.0 3.810255527496338
35.0 3.8034393787384033
45.0 3.8351151943206787
55.0 3.643261432647705
65.0 3.464479446411133
75.0 3.332609176635742
85.0 3.5365381240844727
95.0 3.756654739379883
105.0 3.75603985786438
115.0 3.7564315795898438
125.0 3.7889809608459473
135.0 3.898195743560791
145.0 4.011997222900391
155.0 4.011344909667969
165.0 3.9415645599365234
175.0 3.8579704761505127
185.0 3.9584054946899414
195.0 3.7683260440826416
205.0 3.614316940307617
215.0 3.668055295944214
225.0 3.83912992477417
235.0 3.8234472274780273
245.0 3.9005956649780273
255.0 4.007025241851807
265.0 4.074099540710449
275.0 4.131963729858398
285.0 4.19475793838501
295.0 4.060905456542969
305.0 4.010376930236816
315.0 3.8764443397521973
325.0 3.927995204925537
335.0 3.8597512245178223
345.0 3.920747756958008
355.0 3.898613691329956
365.0 3.977724552154541
375.0 4.05496883392334
385.0 3.9539873600006104
395.0 3.775573253631592
405.0 3.640470266342163
415.0 3.810598611831665
425.0 3.831134080886841
435.0 3.907825469970703
445.0 3.7844018936157227
455.0 3.7186570167541504
465.0 3.7514986991882324
475.0 3.7942848205566406
485.0 3.9508321285247803
495.0 3.8480818271636963
505.0 3.740218162536621
515.0 3.7893011569976807
525.0 3.5668163299560547
535.0 3.5860512256622314
545.0 3.6462554931640625
555.0 3.4317009449005127
565.0 3.67024302482605
575.0 3.870781660079956
585.0 4.117342948913574
595.0 4.311914920806885
605.0 3.8857905864715576
615.0 3.772883892059326
625.0 3.944221019744873
635.0 3.727141857147217
645.0 3.8209798336029053
655.0 3.7770586013793945
665.0 3.5790352821350098
675.0 3.316105842590332
685.0 3.387317419052124
695.0 3.924452304840088
705.0 4.075757026672363
715.0 4.098033905029297
725.0 4.079080104827881
735.0 4.043176651000977
745.0 3.8997068405151367
755.0 3.9099507331848145
765.0 3.8866167068481445
775.0 3.580991268157959
785.0 3.5612003803253174
795.0 3.8312244415283203
805.0 3.9261491298675537
815.0 3.6884827613830566
825.0 4.0127410888671875
835.0 3.7211856842041016
845.0 4.069695472717285
855.0 3.950014591217041
865.0 3.7183613777160645
875.0 3.8756392002105713
885.0 4.0834197998046875
895.0 3.9108052253723145
905.0 3.627809524536133
915.0 4.008817672729492
925.0 4.1928510665893555
935.0 4.066349983215332
945.0 3.781313896179199
955.0 3.7515430450439453
965.0 3.7796072959899902
975.0 3.947186231613159
985.0 3.8788256645202637
995.0 3.882072925567627
1005.0 3.8276960849761963
1015.0 3.538724184036255
1025.0 3.6725211143493652
1035.0 3.6568684577941895
1045.0 3.9094772338867188
1055.0 3.7345714569091797
1065.0 3.801412582397461
1075.0 4.096363544464111
1085.0 4.097196578979492
1095.0 4.075504302978516
1105.0 3.9072258472442627
1115.0 4.084044456481934
1125.0 4.011615753173828
1135.0 3.8177342414855957
1145.0 3.3625240325927734
1155.0 3.37277889251709
1165.0 3.5616092681884766
1175.0 3.4238221645355225
1185.0 3.416116714477539
1195.0 3.636747360229492
1205.0 3.823543071746826
1215.0 3.8764455318450928
1225.0 3.8310251235961914
1235.0 3.7643303871154785
1245.0 3.9562418460845947
1255.0 4.0508222579956055
1265.0 4.179193019866943
1275.0 3.982248306274414
1285.0 3.870335817337036
1295.0 3.888406276702881
1305.0 3.8316750526428223
1315.0 3.6720871925354004
1325.0 4.075693130493164
1335.0 4.042810440063477
1345.0 3.7453925609588623
1355.0 3.815276622772217
1365.0 3.8373897075653076
1375.0 3.848806381225586
1385.0 4.1395368576049805
1395.0 3.854246139526367
1405.0 3.617281198501587
1415.0 3.7200260162353516
1425.0 3.744309186935425
1435.0 3.836195230484009
1445.0 3.9660561084747314
1455.0 3.9394166469573975
1465.0 4.033766746520996
1475.0 4.007674694061279
1485.0 4.046576023101807
1495.0 3.9724318981170654
1505.0 3.9620375633239746
1515.0 3.7678067684173584
1525.0 3.6296238899230957
1535.0 3.771174430847168
1545.0 3.861199140548706
1555.0 3.687502861022949
1565.0 3.5767531394958496
1575.0 3.6266956329345703
1585.0 3.5656819343566895
1595.0 3.510624885559082
1605.0 3.6249232292175293
1615.0 3.640964984893799
1625.0 3.670297145843506
1635.0 3.673614025115967
1645.0 3.576782464981079
1655.0 3.709911346435547
1665.0 3.6191201210021973
1675.0 3.595076084136963
1685.0 3.4987213611602783
1695.0 3.4763994216918945
1705.0 3.4377951622009277
1715.0 3.690699338912964
1725.0 3.7974905967712402
1735.0 3.8006844520568848
1745.0 3.7649669647216797
1755.0 3.9254238605499268
1765.0 3.8785550594329834
1775.0 3.821131944656372
1785.0 3.9058284759521484
1795.0 3.901947021484375
1805.0 3.798549175262451
1815.0 3.946378707885742
1825.0 4.037087440490723
1835.0 4.19252347946167
1845.0 4.245896339416504
1855.0 4.270737648010254
1865.0 4.058322906494141
1875.0 3.9969234466552734
1885.0 4.0692925453186035
1895.0 4.31097412109375
1905.0 4.330515384674072
1915.0 4.125755310058594
1925.0 4.118831634521484
1935.0 4.170294761657715
1945.0 3.998535394668579
1955.0 3.8312227725982666
1965.0 3.7510156631469727
1975.0 3.643306255340576
1985.0 3.6578476428985596
1995.0 3.7411584854125977
2005.0 3.690460205078125
2015.0 3.8240513801574707
2025.0 3.8218090534210205
2035.0 3.7191057205200195
2045.0 3.7780373096466064
2055.0 3.6802103519439697
2065.0 3.7442543506622314
2075.0 3.793238878250122
2085.0 3.86739444732666
2095.0 3.7572786808013916
2105.0 3.6208012104034424
2115.0 3.664933204650879
2125.0 3.4911606311798096
2135.0 3.636841297149658
2145.0 3.6411006450653076
2155.0 3.8885767459869385
2165.0 3.9463746547698975
2175.0 3.8651535511016846
2185.0 3.9545669555664062
2195.0 3.965721368789673
2205.0 4.014506816864014
2215.0 3.906923770904541
2225.0 4.0046916007995605
2235.0 3.998148202896118
2245.0 4.082859992980957
2255.0 3.960357427597046
2265.0 3.8436341285705566
2275.0 3.9327545166015625
2285.0 3.9933533668518066
2295.0 4.060290336608887
2305.0 4.007389545440674
2315.0 3.9988763332366943
2325.0 3.884016513824463
2335.0 3.8892812728881836
2345.0 3.929924249649048
2355.0 4.0551371574401855
2365.0 4.150883674621582
2375.0 4.104286193847656
2385.0 4.186136245727539
2395.0 4.177485466003418
2405.0 4.146520137786865
2415.0 3.786980152130127
2425.0 -0.3699226379394531
2435.0 3.7795324325561523
2445.0 4.481860160827637
2455.0 4.512829303741455
2465.0 4.2792205810546875
2475.0 4.174798965454102
2485.0 4.072227478027344
2495.0 4.230278491973877
2505.0 4.264383316040039
2515.0 4.178311347961426
2525.0 4.259977340698242
2535.0 4.071121692657471
2545.0 3.895047426223755
2555.0 4.0078864097595215
2565.0 4.025980472564697
2575.0 3.935131549835205
2585.0 3.8145296573638916
2595.0 3.79154372215271
2605.0 3.8688507080078125
2615.0 3.982496500015259
2625.0 3.826577663421631
2635.0 3.8969151973724365
2645.0 3.7937986850738525
2655.0 3.892934560775757
2665.0 3.822014331817627
2675.0 3.741020679473877
2685.0 3.8735761642456055
2695.0 4.03245210647583
2705.0 3.9509074687957764
2715.0 3.9251506328582764
2725.0 3.974393129348755
2735.0 3.979339599609375
2745.0 3.8220787048339844
2755.0 4.028656005859375
2765.0 4.138824939727783
2775.0 3.988572120666504
2785.0 3.914510726928711
2795.0 3.830598831176758
2805.0 3.8718371391296387
2815.0 3.8323395252227783
2825.0 3.650559425354004
2835.0 3.78361439704895
2845.0 3.7546539306640625
2855.0 3.894205331802368
2865.0 3.8675835132598877
2875.0 3.86521577835083
2885.0 4.018662452697754
2895.0 3.9563405513763428
2905.0 3.889921188354492
2915.0 -2.5226688385009766
2925.0 -2.5125958919525146
2935.0 -2.3009331226348877
2945.0 3.669733762741089
2955.0 3.760833978652954
2965.0 3.7170803546905518
2975.0 3.637920379638672
2985.0 -1.6525914669036865
2995.0 -1.4937901496887207
3005.0 -1.4415428638458252
3015.0 -1.5265804529190063
3025.0 -1.314776062965393
3035.0 3.6949844360351562
3045.0 3.7750821113586426
3055.0 3.732851266860962
3065.0 4.008881092071533
3075.0 3.9219412803649902
3085.0 3.8529696464538574
3095.0 3.8119964599609375
3105.0 3.7985517978668213
3115.0 3.8112728595733643
3125.0 2.3346478939056396
3135.0 2.376067638397217
3145.0 2.3398988246917725
3155.0 2.3298768997192383
3165.0 2.721205234527588
3175.0 2.802387237548828
3185.0 2.9343461990356445
3195.0 3.0622429847717285
3205.0 2.8234877586364746
3215.0 2.751434803009033
3225.0 2.788114547729492
3235.0 2.899143695831299
3245.0 3.0189294815063477
3255.0 3.2000722885131836
3265.0 3.137833595275879
3275.0 2.9788126945495605
3285.0 3.0307135581970215
3295.0 2.975468873977661
3305.0 2.964972972869873
3315.0 2.9843969345092773
3325.0 3.051729202270508
3335.0 2.9500279426574707
